10240_8192_256_cpmBG ;R: 0.200000; EM: 1; MIN ERR: 50; MAX ITR: 50; ER_EA: 0; Br_LEN: 0 q_step:0.125000

Q_bits: 8; Q_step: 0.125000;Algorithm: 13;Channel: 1

SNR	    iBER			 BER		   FER			ITR#
1.0000	2.388077e-01 1.283939e-01 7.246377e-01 46.463768
1.5000	2.261066e-01 1.728615e-03 2.221235e-02 22.894713
2.0000	2.127031e-01 2.407186e-06 2.416626e-02 15.066699
2.5000	1.994734e-01 3.261732e-06 3.340013e-02 12.275217
3.0000	1.857127e-01 8.361521e-06 8.077544e-02 12.358643
3.5000	1.720593e-01 9.206042e-06 9.242144e-02 11.715342
4.0000	1.583422e-01 1.753580e-05 1.547988e-01 13.520124
4.5000	1.443446e-01 2.256762e-05 2.100840e-01 15.306723
5.0000	1.304307e-01 3.293060e-05 2.906977e-01 18.337209
5.5000	1.166294e-01 4.408095e-05 3.472222e-01 20.625000
6.0000	1.035544e-01 8.889223e-05 6.410256e-01 33.692308
6.5000	9.069430e-02 7.140457e-05 5.376344e-01 28.763441
10240_8192_256_cpmBG ;R: 0.200000; EM: 1; MIN ERR: 50; MAX ITR: 50; ER_EA: 0; Br_LEN: 0 q_step:0.125000

Q_bits: 8; Q_step: 0.125000;Algorithm: 13;Channel: 1

SNR	    iBER			 BER		   FER			ITR#
-0.5000	2.749023e-01 2.608145e-01 1.000000e+00 50.000000
-0.4000	2.728477e-01 2.573066e-01 1.000000e+00 50.000000
-0.3000	2.702930e-01 2.549395e-01 1.000000e+00 50.000000
-0.2000	2.673711e-01 2.492266e-01 1.000000e+00 50.000000
-0.1000	2.645859e-01 2.458848e-01 1.000000e+00 50.000000
0.0000	2.637207e-01 2.438965e-01 1.000000e+00 50.000000
0.1000	2.613242e-01 2.395566e-01 1.000000e+00 50.000000
0.2000	2.574590e-01 2.335566e-01 1.000000e+00 50.000000
0.3000	2.565762e-01 2.308398e-01 1.000000e+00 50.000000
0.4000	2.547617e-01 2.273730e-01 1.000000e+00 50.000000
0.5000	2.518770e-01 2.228477e-01 1.000000e+00 50.000000
0.6000	2.498281e-01 2.172051e-01 1.000000e+00 50.000000
0.7000	2.457910e-01 2.076250e-01 1.000000e+00 50.000000
0.8000	2.434992e-01 1.914350e-01 9.803922e-01 49.666667
0.9000	2.418743e-01 1.587234e-01 8.620690e-01 48.362069
1.0000	2.385461e-01 1.198630e-01 6.849315e-01 46.630137
1.1000	2.357725e-01 8.086328e-02 5.000000e-01 41.480000
1.2000	2.341620e-01 5.825125e-02 3.623188e-01 38.391304
1.3000	2.315365e-01 1.771549e-02 1.373626e-01 32.530220
1.4000	2.287762e-01 6.801471e-03 5.347594e-02 26.649198
10240_8192_256_cpmBG ;R: 0.200000; EM: 1; MIN ERR: 50; MAX ITR: 50; ER_EA: 0; Br_LEN: 0 q_step:0.125000

Q_bits: 8; Q_step: 0.125000;Algorithm: 13;Channel: 1

SNR	    iBER			 BER		   FER			ITR#
10240_8192_256_cpmBG ;R: 0.200000; EM: 1; MIN ERR: 50; MAX ITR: 50; ER_EA: 0; Br_LEN: 0 q_step:0.125000

Q_bits: 8; Q_step: 0.125000;Algorithm: 13;Channel: 1

SNR	    iBER			 BER		   FER			ITR#
1.5000	2.261124e-01 1.685035e-03 2.162630e-02 22.862889
1.6000	2.233267e-01 2.889244e-04 1.262626e-02 20.198737
1.7000	2.208912e-01 8.465544e-05 1.098418e-02 18.296793
1.8000	2.182106e-01 1.390028e-06 1.395479e-02 16.935808
1.9000	2.156640e-01 1.199535e-06 1.204239e-02 15.675096
2.0000	2.129396e-01 1.765297e-06 1.807664e-02 14.897686
2.1000	2.102026e-01 2.112857e-06 2.163566e-02 14.177412
2.2000	2.074788e-01 2.915112e-06 2.985075e-02 13.760000
10240_8192_208_0.200PCM ;R: 0.200000; EM: 1; MIN ERR: 50; MAX ITR: 50; ER_EA: 0; Br_LEN: 0 q_step:0.125000

Q_bits: 8; Q_step: 0.125000;Algorithm: 13;Channel: 1

SNR	    iBER			 BER		   FER			ITR#
1.5000	2.269570e-01 8.439453e-03 1.000000e+00 7.500000
1.6000	2.234746e-01 8.496094e-03 1.000000e+00 7.240000
1.7000	2.206855e-01 8.234375e-03 1.000000e+00 7.880000
1.8000	2.166758e-01 8.275391e-03 1.000000e+00 6.820000
1.9000	2.155313e-01 8.177734e-03 1.000000e+00 6.820000
