10240_8192_256_cpmBG ;R: 0.200000; EM: 1; MIN ERR: 50; MAX ITR: 50; ER_EA: 0; Br_LEN: 0 q_step:0.125000

Q_bits: 8; Q_step: 0.125000;Algorithm: 0;Channel: 1

SNR	    iBER			 BER		   FER			ITR#
1.5000	2.259921e-01 1.350694e-01 7.936508e-01 47.841270
1.6000	2.230620e-01 8.256584e-02 5.154639e-01 44.195876
1.7000	2.204145e-01 5.413675e-02 3.676471e-01 39.367647
1.8000	2.183454e-01 1.825460e-02 1.457726e-01 33.104956
1.9000	2.156140e-01 4.558137e-03 3.819710e-02 27.533231
2.0000	2.128647e-01 7.005241e-04 7.851759e-03 23.501256
2.1000	2.102647e-01 1.300219e-04 1.491424e-03 20.614437
