10400_8320_208_0.200cpm ;R: 0.200000; EM: 1; MIN ERR: 50; MAX ITR: 50; ER_EA: 0; Br_LEN: 0 q_step:0.125000

Q_bits: 8; Q_step: 0.125000;Algorithm: 13;Channel: 1

SNR	    iBER			 BER		   FER			ITR#
1.5000	2.258231e-01 9.005769e-03 1.000000e+00 8.100000
1.6000	2.233846e-01 8.832692e-03 1.000000e+00 7.080000
1.7000	2.208923e-01 8.821154e-03 1.000000e+00 7.100000
1.8000	2.182135e-01 8.634615e-03 1.000000e+00 6.820000
1.9000	2.155692e-01 8.544231e-03 1.000000e+00 6.600000
2.0000	2.122019e-01 8.669231e-03 1.000000e+00 7.420000
2.1000	2.103654e-01 8.501923e-03 1.000000e+00 6.260000
2.2000	2.074154e-01 8.290385e-03 1.000000e+00 6.160000
2.3000	2.047673e-01 8.111538e-03 1.000000e+00 6.020000
2.4000	2.027962e-01 8.001923e-03 1.000000e+00 6.060000
10400_8320_208_0.200PCM ;R: 0.200000; EM: 1; MIN ERR: 50; MAX ITR: 50; ER_EA: 0; Br_LEN: 0 q_step:0.125000

Q_bits: 8; Q_step: 0.125000;Algorithm: 13;Channel: 1

SNR	    iBER			 BER		   FER			ITR#
10400_8320_208_0.200PCM ;R: 0.200000; EM: 1; MIN ERR: 50; MAX ITR: 50; ER_EA: 0; Br_LEN: 0 q_step:0.125000

Q_bits: 8; Q_step: 0.125000;Algorithm: 13;Channel: 1

SNR	    iBER			 BER		   FER			ITR#
0.0000	2.636142e-01 1.361191e-03 2.753304e-02 24.262665
0.1000	2.610865e-01 2.052744e-04 9.124088e-03 21.094343
0.2000	2.587454e-01 5.149192e-05 7.117438e-03 19.085125
0.3000	2.563898e-01 1.256475e-05 5.716246e-03 17.424145
0.4000	2.538332e-01 1.327620e-05 5.696058e-03 16.027341
0.5000	2.514956e-01 9.384369e-06 5.339028e-03 14.988574
0.6000	2.489856e-01 6.917073e-06 4.241602e-03 14.004242
0.7000	2.464966e-01 9.349192e-06 5.626829e-03 13.250169
0.8000	2.440245e-01 7.328521e-06 5.278159e-03 12.541856
0.9000	2.415752e-01 5.567565e-06 4.715202e-03 11.890985
1.0000	2.389572e-01 5.616690e-06 4.585053e-03 11.337552
1.1000	2.363955e-01 5.173682e-06 6.642753e-03 10.927860
1.2000	2.337602e-01 6.427711e-06 6.807352e-03 10.469027
1.3000	2.313057e-01 5.675112e-06 5.599731e-03 9.995520
1.4000	2.287647e-01 3.490307e-06 6.110975e-03 9.655463
10400_8320_208_0.200PCM ;R: 0.200000; EM: 1; MIN ERR: 50; MAX ITR: 50; ER_EA: 0; Br_LEN: 0 q_step:0.125000

Q_bits: 8; Q_step: 0.125000;Algorithm: 13;Channel: 1

SNR	    iBER			 BER		   FER			ITR#
-0.5000	2.761302e-01 1.014098e-01 7.692308e-01 47.384615
-0.4000	2.723841e-01 4.885903e-02 4.464286e-01 42.410714
-0.3000	2.704069e-01 2.254213e-02 2.577320e-01 38.036082
-0.2000	2.685729e-01 1.092206e-02 1.466276e-01 32.809384
-0.1000	2.659078e-01 4.047143e-03 5.714286e-02 27.907429
