10400_8320_208_0.200cpm ;R: 0.200000; EM: 1; MIN ERR: 50; MAX ITR: 50; ER_EA: 0; Br_LEN: 0 q_step:0.125000

Q_bits: 8; Q_step: 0.125000;Algorithm: 0;Channel: 1

SNR	    iBER			 BER		   FER			ITR#
1.5000	2.258231e-01 8.978846e-03 1.000000e+00 10.220000
1.6000	2.233846e-01 8.832692e-03 1.000000e+00 10.020000
1.7000	2.208923e-01 8.821154e-03 1.000000e+00 9.820000
1.8000	2.182135e-01 8.634615e-03 1.000000e+00 9.400000
10400_8320_208_0.200PCM ;R: 0.200000; EM: 1; MIN ERR: 50; MAX ITR: 50; ER_EA: 0; Br_LEN: 0 q_step:0.125000

Q_bits: 8; Q_step: 0.125000;Algorithm: 0;Channel: 1

SNR	    iBER			 BER		   FER			ITR#
-0.5000	2.756519e-01 2.097635e-01 1.000000e+00 50.000000
-0.4000	2.735558e-01 1.784462e-01 1.000000e+00 50.000000
-0.3000	2.693308e-01 1.124635e-01 1.000000e+00 50.000000
-0.2000	2.686942e-01 1.099500e-01 1.000000e+00 50.000000
-0.1000	2.648631e-01 4.790254e-02 8.474576e-01 48.491525
0.0000	2.638404e-01 3.368111e-02 7.462687e-01 47.597015
0.1000	2.605905e-01 1.630536e-02 5.050505e-01 43.181818
0.2000	2.591141e-01 2.844979e-03 3.816794e-01 41.083969
0.3000	2.567527e-01 1.949786e-03 2.777778e-01 37.822222
0.4000	2.537764e-01 3.458868e-04 1.388889e-01 32.772222
0.5000	2.514015e-01 4.851267e-05 7.552870e-02 29.051360
0.6000	2.488482e-01 2.030522e-05 4.734848e-02 25.731061
0.7000	2.465945e-01 1.005964e-05 2.655337e-02 22.791822
0.8000	2.439197e-01 7.629256e-06 1.639344e-02 20.754754
0.9000	2.415384e-01 2.443401e-06 1.041450e-02 18.911060
1.0000	2.389567e-01 1.522258e-06 6.541934e-03 17.475206
1.1000	2.363811e-01 2.082908e-06 5.526083e-03 16.178050
1.2000	2.339079e-01 1.048080e-06 3.892868e-03 15.146995
