480 160 
9 23
9 9 9 9 9 9 9 9 9 9 9 9 9 9 9 9 7 7 7 7 7 7 7 7 7 7 7 7 7 7 7 7 5 5 5 5 5 5 5 5 5 5 5 5 5 5 5 5 4 4 4 4 4 4 4 4 4 4 4 4 4 4 4 4 4 4 4 4 4 4 4 4 4 4 4 4 4 4 4 4 5 5 5 5 5 5 5 5 5 5 5 5 5 5 5 5 3 3 3 3 3 3 3 3 3 3 3 3 3 3 3 3 5 5 5 5 5 5 5 5 5 5 5 5 5 5 5 5 5 5 5 5 5 5 5 5 5 5 5 5 5 5 5 5 5 5 5 5 5 5 5 5 5 5 5 5 5 5 5 5 3 3 3 3 3 3 3 3 3 3 3 3 3 3 3 3 3 3 3 3 3 3 3 3 3 3 3 3 3 3 3 3 5 5 5 5 5 5 5 5 5 5 5 5 5 5 5 5 6 6 6 6 6 6 6 6 6 6 6 6 6 6 6 6 3 3 3 3 3 3 3 3 3 3 3 3 3 3 3 3 4 4 4 4 4 4 4 4 4 4 4 4 4 4 4 4 4 4 4 4 4 4 4 4 4 4 4 4 4 4 4 4 5 5 5 5 5 5 5 5 5 5 5 5 5 5 5 5 4 4 4 4 4 4 4 4 4 4 4 4 4 4 4 4 4 4 4 4 4 4 4 4 4 4 4 4 4 4 4 4 3 3 3 3 3 3 3 3 3 3 3 3 3 3 3 3 3 3 3 3 3 3 3 3 3 3 3 3 3 3 3 3 4 4 4 4 4 4 4 4 4 4 4 4 4 4 4 4 2 2 2 2 2 2 2 2 2 2 2 2 2 2 2 2 2 2 2 2 2 2 2 2 2 2 2 2 2 2 2 2 2 2 2 2 2 2 2 2 2 2 2 2 2 2 2 2 2 2 2 2 2 2 2 2 2 2 2 2 2 2 2 2 1 1 1 1 1 1 1 1 1 1 1 1 1 1 1 1 1 1 1 1 1 1 1 1 1 1 1 1 1 1 1 1 1 1 1 1 1 1 1 1 1 1 1 1 1 1 1 1 
23 23 23 23 23 23 23 23 23 23 23 23 23 23 23 23 14 14 14 14 14 14 14 14 14 14 14 14 14 14 14 14 5 5 5 5 5 5 5 5 5 5 5 5 5 5 5 5 14 14 14 14 14 14 14 14 14 14 14 14 14 14 14 14 23 23 23 23 23 23 23 23 23 23 23 23 23 23 23 23 6 6 6 6 6 6 6 6 6 6 6 6 6 6 6 6 8 8 8 8 8 8 8 8 8 8 8 8 8 8 8 8 8 8 8 8 8 8 8 8 8 8 8 8 8 8 8 8 7 7 7 7 7 7 7 7 7 7 7 7 7 7 7 7 6 6 6 6 6 6 6 6 6 6 6 6 6 6 6 6 
6	26	48	63	77	93	108	113	132	
7	27	33	64	78	94	109	114	133	
8	28	34	49	79	95	110	115	134	
9	29	35	50	80	96	111	116	135	
10	30	36	51	65	81	112	117	136	
11	31	37	52	66	82	97	118	137	
12	32	38	53	67	83	98	119	138	
13	17	39	54	68	84	99	120	139	
14	18	40	55	69	85	100	121	140	
15	19	41	56	70	86	101	122	141	
16	20	42	57	71	87	102	123	142	
1	21	43	58	72	88	103	124	143	
2	22	44	59	73	89	104	125	144	
3	23	45	60	74	90	105	126	129	
4	24	46	61	75	91	106	127	130	
5	25	47	62	76	92	107	128	131	
31	35	49	85	119	139	153	
32	36	50	86	120	140	154	
17	37	51	87	121	141	155	
18	38	52	88	122	142	156	
19	39	53	89	123	143	157	
20	40	54	90	124	144	158	
21	41	55	91	125	129	159	
22	42	56	92	126	130	160	
23	43	57	93	127	131	145	
24	44	58	94	128	132	146	
25	45	59	95	113	133	147	
26	46	60	96	114	134	148	
27	47	61	81	115	135	149	
28	48	62	82	116	136	150	
29	33	63	83	117	137	151	
30	34	64	84	118	138	152	
12	55	65	126	154	
13	56	66	127	155	
14	57	67	128	156	
15	58	68	113	157	
16	59	69	114	158	
1	60	70	115	159	
2	61	71	116	160	
3	62	72	117	145	
4	63	73	118	146	
5	64	74	119	147	
6	49	75	120	148	
7	50	76	121	149	
8	51	77	122	150	
9	52	78	123	151	
10	53	79	124	152	
11	54	80	125	153	
4	56	69	142	
5	57	70	143	
6	58	71	144	
7	59	72	129	
8	60	73	130	
9	61	74	131	
10	62	75	132	
11	63	76	133	
12	64	77	134	
13	49	78	135	
14	50	79	136	
15	51	80	137	
16	52	65	138	
1	53	66	139	
2	54	67	140	
3	55	68	141	
6	25	65	101	
7	26	66	102	
8	27	67	103	
9	28	68	104	
10	29	69	105	
11	30	70	106	
12	31	71	107	
13	32	72	108	
14	17	73	109	
15	18	74	110	
16	19	75	111	
1	20	76	112	
2	21	77	97	
3	22	78	98	
4	23	79	99	
5	24	80	100	
7	30	77	104	153	
8	31	78	105	154	
9	32	79	106	155	
10	17	80	107	156	
11	18	65	108	157	
12	19	66	109	158	
13	20	67	110	159	
14	21	68	111	160	
15	22	69	112	145	
16	23	70	97	146	
1	24	71	98	147	
2	25	72	99	148	
3	26	73	100	149	
4	27	74	101	150	
5	28	75	102	151	
6	29	76	103	152	
1	51	78	
2	52	79	
3	53	80	
4	54	65	
5	55	66	
6	56	67	
7	57	68	
8	58	69	
9	59	70	
10	60	71	
11	61	72	
12	62	73	
13	63	74	
14	64	75	
15	49	76	
16	50	77	
13	52	80	121	160	
14	53	65	122	145	
15	54	66	123	146	
16	55	67	124	147	
1	56	68	125	148	
2	57	69	126	149	
3	58	70	127	150	
4	59	71	128	151	
5	60	72	113	152	
6	61	73	114	153	
7	62	74	115	154	
8	63	75	116	155	
9	64	76	117	156	
10	49	77	118	157	
11	50	78	119	158	
12	51	79	120	159	
16	21	78	100	136	
1	22	79	101	137	
2	23	80	102	138	
3	24	65	103	139	
4	25	66	104	140	
5	26	67	105	141	
6	27	68	106	142	
7	28	69	107	143	
8	29	70	108	144	
9	30	71	109	129	
10	31	72	110	130	
11	32	73	111	131	
12	17	74	112	132	
13	18	75	97	133	
14	19	76	98	134	
15	20	77	99	135	
14	25	78	88	124	
15	26	79	89	125	
16	27	80	90	126	
1	28	65	91	127	
2	29	66	92	128	
3	30	67	93	113	
4	31	68	94	114	
5	32	69	95	115	
6	17	70	96	116	
7	18	71	81	117	
8	19	72	82	118	
9	20	73	83	119	
10	21	74	84	120	
11	22	75	85	121	
12	23	76	86	122	
13	24	77	87	123	
2	55	78	
3	56	79	
4	57	80	
5	58	65	
6	59	66	
7	60	67	
8	61	68	
9	62	69	
10	63	70	
11	64	71	
12	49	72	
13	50	73	
14	51	74	
15	52	75	
16	53	76	
1	54	77	
7	63	77	
8	64	78	
9	49	79	
10	50	80	
11	51	65	
12	52	66	
13	53	67	
14	54	68	
15	55	69	
16	56	70	
1	57	71	
2	58	72	
3	59	73	
4	60	74	
5	61	75	
6	62	76	
13	18	76	101	136	
14	19	77	102	137	
15	20	78	103	138	
16	21	79	104	139	
1	22	80	105	140	
2	23	65	106	141	
3	24	66	107	142	
4	25	67	108	143	
5	26	68	109	144	
6	27	69	110	129	
7	28	70	111	130	
8	29	71	112	131	
9	30	72	97	132	
10	31	73	98	133	
11	32	74	99	134	
12	17	75	100	135	
6	20	72	89	126	155	
7	21	73	90	127	156	
8	22	74	91	128	157	
9	23	75	92	113	158	
10	24	76	93	114	159	
11	25	77	94	115	160	
12	26	78	95	116	145	
13	27	79	96	117	146	
14	28	80	81	118	147	
15	29	65	82	119	148	
16	30	66	83	120	149	
1	31	67	84	121	150	
2	32	68	85	122	151	
3	17	69	86	123	152	
4	18	70	87	124	153	
5	19	71	88	125	154	
8	56	76	
9	57	77	
10	58	78	
11	59	79	
12	60	80	
13	61	65	
14	62	66	
15	63	67	
16	64	68	
1	49	69	
2	50	70	
3	51	71	
4	52	72	
5	53	73	
6	54	74	
7	55	75	
9	55	77	130	
10	56	78	131	
11	57	79	132	
12	58	80	133	
13	59	65	134	
14	60	66	135	
15	61	67	136	
16	62	68	137	
1	63	69	138	
2	64	70	139	
3	49	71	140	
4	50	72	141	
5	51	73	142	
6	52	74	143	
7	53	75	144	
8	54	76	129	
7	25	79	85	
8	26	80	86	
9	27	65	87	
10	28	66	88	
11	29	67	89	
12	30	68	90	
13	31	69	91	
14	32	70	92	
15	17	71	93	
16	18	72	94	
1	19	73	95	
2	20	74	96	
3	21	75	81	
4	22	76	82	
5	23	77	83	
6	24	78	84	
4	27	78	107	144	
5	28	79	108	129	
6	29	80	109	130	
7	30	65	110	131	
8	31	66	111	132	
9	32	67	112	133	
10	17	68	97	134	
11	18	69	98	135	
12	19	70	99	136	
13	20	71	100	137	
14	21	72	101	138	
15	22	73	102	139	
16	23	74	103	140	
1	24	75	104	141	
2	25	76	105	142	
3	26	77	106	143	
5	51	76	116	
6	52	77	117	
7	53	78	118	
8	54	79	119	
9	55	80	120	
10	56	65	121	
11	57	66	122	
12	58	67	123	
13	59	68	124	
14	60	69	125	
15	61	70	126	
16	62	71	127	
1	63	72	128	
2	64	73	113	
3	49	74	114	
4	50	75	115	
3	61	76	146	
4	62	77	147	
5	63	78	148	
6	64	79	149	
7	49	80	150	
8	50	65	151	
9	51	66	152	
10	52	67	153	
11	53	68	154	
12	54	69	155	
13	55	70	156	
14	56	71	157	
15	57	72	158	
16	58	73	159	
1	59	74	160	
2	60	75	145	
8	17	77	
9	18	78	
10	19	79	
11	20	80	
12	21	65	
13	22	66	
14	23	67	
15	24	68	
16	25	69	
1	26	70	
2	27	71	
3	28	72	
4	29	73	
5	30	74	
6	31	75	
7	32	76	
8	30	73	
9	31	74	
10	32	75	
11	17	76	
12	18	77	
13	19	78	
14	20	79	
15	21	80	
16	22	65	
1	23	66	
2	24	67	
3	25	68	
4	26	69	
5	27	70	
6	28	71	
7	29	72	
1	48	65	99	
2	33	66	100	
3	34	67	101	
4	35	68	102	
5	36	69	103	
6	37	70	104	
7	38	71	105	
8	39	72	106	
9	40	73	107	
10	41	74	108	
11	42	75	109	
12	43	76	110	
13	44	77	111	
14	45	78	112	
15	46	79	97	
16	47	80	98	
1	17	
2	18	
3	19	
4	20	
5	21	
6	22	
7	23	
8	24	
9	25	
10	26	
11	27	
12	28	
13	29	
14	30	
15	31	
16	32	
17	33	
18	34	
19	35	
20	36	
21	37	
22	38	
23	39	
24	40	
25	41	
26	42	
27	43	
28	44	
29	45	
30	46	
31	47	
32	48	
33	49	
34	50	
35	51	
36	52	
37	53	
38	54	
39	55	
40	56	
41	57	
42	58	
43	59	
44	60	
45	61	
46	62	
47	63	
48	64	
49	65	
50	66	
51	67	
52	68	
53	69	
54	70	
55	71	
56	72	
57	73	
58	74	
59	75	
60	76	
61	77	
62	78	
63	79	
64	80	
81	
82	
83	
84	
85	
86	
87	
88	
89	
90	
91	
92	
93	
94	
95	
96	
97	
98	
99	
100	
101	
102	
103	
104	
105	
106	
107	
108	
109	
110	
111	
112	
113	
114	
115	
116	
117	
118	
119	
120	
121	
122	
123	
124	
125	
126	
127	
128	

12	38	62	76	91	97	117	130	148	176	187	197	220	234	249	267	286	301	319	330	346	353	369	
13	39	63	77	92	98	118	131	149	161	188	198	221	235	250	268	287	302	320	331	347	354	370	
14	40	64	78	93	99	119	132	150	162	189	199	222	236	251	269	288	303	305	332	348	355	371	
15	41	49	79	94	100	120	133	151	163	190	200	223	237	252	270	273	304	306	333	349	356	372	
16	42	50	80	95	101	121	134	152	164	191	201	224	238	253	271	274	289	307	334	350	357	373	
1	43	51	65	96	102	122	135	153	165	192	202	209	239	254	272	275	290	308	335	351	358	374	
2	44	52	66	81	103	123	136	154	166	177	203	210	240	255	257	276	291	309	336	352	359	375	
3	45	53	67	82	104	124	137	155	167	178	204	211	225	256	258	277	292	310	321	337	360	376	
4	46	54	68	83	105	125	138	156	168	179	205	212	226	241	259	278	293	311	322	338	361	377	
5	47	55	69	84	106	126	139	157	169	180	206	213	227	242	260	279	294	312	323	339	362	378	
6	48	56	70	85	107	127	140	158	170	181	207	214	228	243	261	280	295	313	324	340	363	379	
7	33	57	71	86	108	128	141	159	171	182	208	215	229	244	262	281	296	314	325	341	364	380	
8	34	58	72	87	109	113	142	160	172	183	193	216	230	245	263	282	297	315	326	342	365	381	
9	35	59	73	88	110	114	143	145	173	184	194	217	231	246	264	283	298	316	327	343	366	382	
10	36	60	74	89	111	115	144	146	174	185	195	218	232	247	265	284	299	317	328	344	367	383	
11	37	61	75	90	112	116	129	147	175	186	196	219	233	248	266	285	300	318	329	345	368	384	
8	19	73	84	141	153	208	222	265	279	321	340	369	385	
9	20	74	85	142	154	193	223	266	280	322	341	370	386	
10	21	75	86	143	155	194	224	267	281	323	342	371	387	
11	22	76	87	144	156	195	209	268	282	324	343	372	388	
12	23	77	88	129	157	196	210	269	283	325	344	373	389	
13	24	78	89	130	158	197	211	270	284	326	345	374	390	
14	25	79	90	131	159	198	212	271	285	327	346	375	391	
15	26	80	91	132	160	199	213	272	286	328	347	376	392	
16	27	65	92	133	145	200	214	257	287	329	348	377	393	
1	28	66	93	134	146	201	215	258	288	330	349	378	394	
2	29	67	94	135	147	202	216	259	273	331	350	379	395	
3	30	68	95	136	148	203	217	260	274	332	351	380	396	
4	31	69	96	137	149	204	218	261	275	333	352	381	397	
5	32	70	81	138	150	205	219	262	276	334	337	382	398	
6	17	71	82	139	151	206	220	263	277	335	338	383	399	
7	18	72	83	140	152	207	221	264	278	336	339	384	400	
2	31	354	385	401	
3	32	355	386	402	
4	17	356	387	403	
5	18	357	388	404	
6	19	358	389	405	
7	20	359	390	406	
8	21	360	391	407	
9	22	361	392	408	
10	23	362	393	409	
11	24	363	394	410	
12	25	364	395	411	
13	26	365	396	412	
14	27	366	397	413	
15	28	367	398	414	
16	29	368	399	415	
1	30	353	400	416	
3	17	43	58	111	126	171	179	234	251	303	309	401	417	
4	18	44	59	112	127	172	180	235	252	304	310	402	418	
5	19	45	60	97	128	173	181	236	253	289	311	403	419	
6	20	46	61	98	113	174	182	237	254	290	312	404	420	
7	21	47	62	99	114	175	183	238	255	291	313	405	421	
8	22	48	63	100	115	176	184	239	256	292	314	406	422	
9	23	33	64	101	116	161	185	240	241	293	315	407	423	
10	24	34	49	102	117	162	186	225	242	294	316	408	424	
11	25	35	50	103	118	163	187	226	243	295	317	409	425	
12	26	36	51	104	119	164	188	227	244	296	318	410	426	
13	27	37	52	105	120	165	189	228	245	297	319	411	427	
14	28	38	53	106	121	166	190	229	246	298	320	412	428	
15	29	39	54	107	122	167	191	230	247	299	305	413	429	
16	30	40	55	108	123	168	192	231	248	300	306	414	430	
1	31	41	56	109	124	169	177	232	249	301	307	415	431	
2	32	42	57	110	125	170	178	233	250	302	308	416	432	
5	33	61	65	85	100	114	132	148	164	181	198	218	230	245	259	276	294	310	325	345	353	417	
6	34	62	66	86	101	115	133	149	165	182	199	219	231	246	260	277	295	311	326	346	354	418	
7	35	63	67	87	102	116	134	150	166	183	200	220	232	247	261	278	296	312	327	347	355	419	
8	36	64	68	88	103	117	135	151	167	184	201	221	233	248	262	279	297	313	328	348	356	420	
9	37	49	69	89	104	118	136	152	168	185	202	222	234	249	263	280	298	314	329	349	357	421	
10	38	50	70	90	105	119	137	153	169	186	203	223	235	250	264	281	299	315	330	350	358	422	
11	39	51	71	91	106	120	138	154	170	187	204	224	236	251	265	282	300	316	331	351	359	423	
12	40	52	72	92	107	121	139	155	171	188	205	209	237	252	266	283	301	317	332	352	360	424	
13	41	53	73	93	108	122	140	156	172	189	206	210	238	253	267	284	302	318	333	337	361	425	
14	42	54	74	94	109	123	141	157	173	190	207	211	239	254	268	285	303	319	334	338	362	426	
15	43	55	75	95	110	124	142	158	174	191	208	212	240	255	269	286	304	320	335	339	363	427	
16	44	56	76	96	111	125	143	159	175	192	193	213	225	256	270	287	289	305	336	340	364	428	
1	45	57	77	81	112	126	144	160	176	177	194	214	226	241	271	288	290	306	321	341	365	429	
2	46	58	78	82	97	127	129	145	161	178	195	215	227	242	272	273	291	307	322	342	366	430	
3	47	59	79	83	98	128	130	146	162	179	196	216	228	243	257	274	292	308	323	343	367	431	
4	48	60	80	84	99	113	131	147	163	180	197	217	229	244	258	275	293	309	324	344	368	432	
5	29	154	217	269	433	
6	30	155	218	270	434	
7	31	156	219	271	435	
8	32	157	220	272	436	
9	17	158	221	257	437	
10	18	159	222	258	438	
11	19	160	223	259	439	
12	20	145	224	260	440	
13	21	146	209	261	441	
14	22	147	210	262	442	
15	23	148	211	263	443	
16	24	149	212	264	444	
1	25	150	213	265	445	
2	26	151	214	266	446	
3	27	152	215	267	447	
4	28	153	216	268	448	
6	77	90	142	205	279	367	449	
7	78	91	143	206	280	368	450	
8	79	92	144	207	281	353	451	
9	80	93	129	208	282	354	452	
10	65	94	130	193	283	355	453	
11	66	95	131	194	284	356	454	
12	67	96	132	195	285	357	455	
13	68	81	133	196	286	358	456	
14	69	82	134	197	287	359	457	
15	70	83	135	198	288	360	458	
16	71	84	136	199	273	361	459	
1	72	85	137	200	274	362	460	
2	73	86	138	201	275	363	461	
3	74	87	139	202	276	364	462	
4	75	88	140	203	277	365	463	
5	76	89	141	204	278	366	464	
1	27	36	121	150	212	302	465	
2	28	37	122	151	213	303	466	
3	29	38	123	152	214	304	467	
4	30	39	124	153	215	289	468	
5	31	40	125	154	216	290	469	
6	32	41	126	155	217	291	470	
7	17	42	127	156	218	292	471	
8	18	43	128	157	219	293	472	
9	19	44	113	158	220	294	473	
10	20	45	114	159	221	295	474	
11	21	46	115	160	222	296	475	
12	22	47	116	145	223	297	476	
13	23	48	117	146	224	298	477	
14	24	33	118	147	209	299	478	
15	25	34	119	148	210	300	479	
16	26	35	120	149	211	301	480	
14	23	52	138	202	256	274	
15	24	53	139	203	241	275	
16	25	54	140	204	242	276	
1	26	55	141	205	243	277	
2	27	56	142	206	244	278	
3	28	57	143	207	245	279	
4	29	58	144	208	246	280	
5	30	59	129	193	247	281	
6	31	60	130	194	248	282	
7	32	61	131	195	249	283	
8	17	62	132	196	250	284	
9	18	63	133	197	251	285	
10	19	64	134	198	252	286	
11	20	49	135	199	253	287	
12	21	50	136	200	254	288	
13	22	51	137	201	255	273	
25	40	89	114	215	320	
26	41	90	115	216	305	
27	42	91	116	217	306	
28	43	92	117	218	307	
29	44	93	118	219	308	
30	45	94	119	220	309	
31	46	95	120	221	310	
32	47	96	121	222	311	
17	48	81	122	223	312	
18	33	82	123	224	313	
19	34	83	124	209	314	
20	35	84	125	210	315	
21	36	85	126	211	316	
22	37	86	127	212	317	
23	38	87	128	213	318	
24	39	88	113	214	319	

