840 280 
3 8
3 3 3 3 3 3 3 3 3 3 3 3 3 3 3 3 3 3 3 3 3 3 3 3 3 3 3 3 3 3 3 3 3 3 3 3 3 3 3 3 3 3 3 3 3 3 3 3 3 3 3 3 3 3 3 3 3 3 3 3 3 3 3 3 3 3 3 3 3 3 3 3 3 3 3 3 3 3 3 3 3 3 3 3 3 3 3 3 3 3 3 3 3 3 3 3 3 3 3 3 3 3 3 3 3 3 3 3 3 3 3 3 3 3 3 3 3 3 3 3 3 3 3 3 3 3 3 3 3 3 3 3 3 3 3 3 3 3 3 3 3 3 3 3 3 3 3 3 3 3 3 3 3 3 3 3 3 3 3 3 3 3 3 3 3 3 3 3 3 3 3 3 3 3 3 3 3 3 3 3 3 3 3 3 3 3 3 3 3 3 3 3 3 3 3 3 3 3 3 3 3 3 3 3 3 3 3 3 3 3 3 3 3 3 3 3 3 3 3 3 3 3 3 3 2 2 2 2 2 2 2 2 2 2 2 2 2 2 2 2 2 2 2 2 2 2 2 2 2 2 2 2 2 2 2 2 2 2 2 2 2 2 2 2 2 2 2 2 2 2 2 2 2 2 2 2 2 2 2 2 2 2 2 2 2 2 2 2 2 2 2 2 2 2 2 2 2 2 2 2 2 2 2 2 2 2 2 2 2 2 2 2 2 2 2 2 2 2 2 2 2 2 2 2 2 2 2 2 2 2 2 2 2 2 2 2 3 3 3 3 3 3 3 3 3 3 3 3 3 3 3 3 3 3 3 3 3 3 3 3 3 3 3 3 3 3 3 3 3 3 3 3 3 3 3 3 3 3 3 3 3 3 3 3 3 3 3 3 3 3 3 3 3 3 3 3 3 3 3 3 3 3 3 3 3 3 3 3 3 3 3 3 3 3 3 3 3 3 3 3 3 3 3 3 3 3 3 3 3 3 3 3 3 3 3 3 3 3 3 3 3 3 3 3 3 3 3 3 2 2 2 2 2 2 2 2 2 2 2 2 2 2 2 2 2 2 2 2 2 2 2 2 2 2 2 2 2 2 2 2 2 2 2 2 2 2 2 2 2 2 2 2 2 2 2 2 2 2 2 2 2 2 2 2 2 2 2 2 2 2 2 2 2 2 2 2 2 2 2 2 2 2 2 2 2 2 2 2 2 2 2 2 2 2 2 2 2 2 2 2 2 2 2 2 2 2 2 2 2 2 2 2 2 2 2 2 2 2 2 2 2 2 2 2 2 2 2 2 2 2 2 2 2 2 2 2 2 2 2 2 2 2 2 2 2 2 2 2 2 2 2 2 2 2 2 2 2 2 2 2 2 2 2 2 2 2 2 2 2 2 2 2 2 2 2 2 2 2 2 2 2 2 2 2 2 2 2 2 2 2 2 2 2 2 2 2 2 2 2 2 2 2 2 2 2 2 2 2 2 2 2 2 2 2 2 2 2 2 2 2 2 2 2 2 2 2 2 2 2 2 2 2 2 2 2 2 2 2 2 2 2 2 2 2 2 2 2 2 2 2 2 2 2 2 2 2 2 2 2 2 2 2 2 2 2 2 2 2 2 2 2 2 2 2 2 2 2 2 2 2 2 2 2 2 2 2 2 2 2 2 2 2 2 2 2 2 2 2 2 2 2 2 2 2 2 2 2 2 2 2 2 2 2 2 2 2 2 2 2 2 2 2 2 2 2 2 2 2 2 2 2 2 2 2 2 2 2 2 2 2 2 2 2 2 2 2 2 2 2 2 2 2 2 2 2 2 2 2 2 2 2 2 2 2 2 2 2 2 2 2 2 2 2 2 2 2 2 2 2 2 2 2 2 2 2 2 2 2 2 2 2 2 2 2 2 2 2 2 2 2 
8 8 8 8 8 8 8 8 8 8 8 8 8 8 8 8 8 8 8 8 8 8 8 8 8 8 8 8 8 8 8 8 8 8 8 8 8 8 8 8 8 8 8 8 8 8 8 8 8 8 8 8 8 8 8 8 7 7 7 7 7 7 7 7 7 7 7 7 7 7 7 7 7 7 7 7 7 7 7 7 7 7 7 7 7 7 7 7 7 7 7 7 7 7 7 7 7 7 7 7 7 7 7 7 7 7 7 7 7 7 7 7 7 7 7 7 7 7 7 7 7 7 7 7 7 7 7 7 7 7 7 7 7 7 7 7 7 7 7 7 7 7 7 7 7 7 7 7 7 7 7 7 7 7 7 7 7 7 7 7 7 7 7 7 7 7 7 7 7 7 7 7 7 7 7 7 7 7 7 7 7 7 7 7 7 7 7 7 7 7 7 7 7 7 7 7 7 7 7 7 7 7 7 7 7 7 7 7 7 7 7 7 7 7 7 7 7 7 7 7 7 7 7 7 7 7 7 7 7 7 7 7 7 7 7 7 7 7 7 7 7 7 7 7 7 7 7 7 7 7 7 7 7 7 7 7 7 7 7 7 7 7 7 7 7 7 7 7 7 7 7 7 7 7 7 7 7 7 7 7 
26	128	237	
27	129	238	
28	130	239	
29	131	240	
30	132	241	
31	133	242	
32	134	243	
33	135	244	
34	136	245	
35	137	246	
36	138	247	
37	139	248	
38	140	249	
39	141	250	
40	142	251	
41	143	252	
42	144	253	
43	145	254	
44	146	255	
45	147	256	
46	148	257	
47	149	258	
48	150	259	
49	151	260	
50	152	261	
51	153	262	
52	154	263	
53	155	264	
54	156	265	
55	157	266	
56	158	267	
1	159	268	
2	160	269	
3	161	270	
4	162	271	
5	163	272	
6	164	273	
7	165	274	
8	166	275	
9	167	276	
10	168	277	
11	113	278	
12	114	279	
13	115	280	
14	116	225	
15	117	226	
16	118	227	
17	119	228	
18	120	229	
19	121	230	
20	122	231	
21	123	232	
22	124	233	
23	125	234	
24	126	235	
25	127	236	
111	196	234	
112	197	235	
57	198	236	
58	199	237	
59	200	238	
60	201	239	
61	202	240	
62	203	241	
63	204	242	
64	205	243	
65	206	244	
66	207	245	
67	208	246	
68	209	247	
69	210	248	
70	211	249	
71	212	250	
72	213	251	
73	214	252	
74	215	253	
75	216	254	
76	217	255	
77	218	256	
78	219	257	
79	220	258	
80	221	259	
81	222	260	
82	223	261	
83	224	262	
84	169	263	
85	170	264	
86	171	265	
87	172	266	
88	173	267	
89	174	268	
90	175	269	
91	176	270	
92	177	271	
93	178	272	
94	179	273	
95	180	274	
96	181	275	
97	182	276	
98	183	277	
99	184	278	
100	185	279	
101	186	280	
102	187	225	
103	188	226	
104	189	227	
105	190	228	
106	191	229	
107	192	230	
108	193	231	
109	194	232	
110	195	233	
22	150	239	
23	151	240	
24	152	241	
25	153	242	
26	154	243	
27	155	244	
28	156	245	
29	157	246	
30	158	247	
31	159	248	
32	160	249	
33	161	250	
34	162	251	
35	163	252	
36	164	253	
37	165	254	
38	166	255	
39	167	256	
40	168	257	
41	113	258	
42	114	259	
43	115	260	
44	116	261	
45	117	262	
46	118	263	
47	119	264	
48	120	265	
49	121	266	
50	122	267	
51	123	268	
52	124	269	
53	125	270	
54	126	271	
55	127	272	
56	128	273	
1	129	274	
2	130	275	
3	131	276	
4	132	277	
5	133	278	
6	134	279	
7	135	280	
8	136	225	
9	137	226	
10	138	227	
11	139	228	
12	140	229	
13	141	230	
14	142	231	
15	143	232	
16	144	233	
17	145	234	
18	146	235	
19	147	236	
20	148	237	
21	149	238	
19	139	234	
20	140	235	
21	141	236	
22	142	237	
23	143	238	
24	144	239	
25	145	240	
26	146	241	
27	147	242	
28	148	243	
29	149	244	
30	150	245	
31	151	246	
32	152	247	
33	153	248	
34	154	249	
35	155	250	
36	156	251	
37	157	252	
38	158	253	
39	159	254	
40	160	255	
41	161	256	
42	162	257	
43	163	258	
44	164	259	
45	165	260	
46	166	261	
47	167	262	
48	168	263	
49	113	264	
50	114	265	
51	115	266	
52	116	267	
53	117	268	
54	118	269	
55	119	270	
56	120	271	
1	121	272	
2	122	273	
3	123	274	
4	124	275	
5	125	276	
6	126	277	
7	127	278	
8	128	279	
9	129	280	
10	130	225	
11	131	226	
12	132	227	
13	133	228	
14	134	229	
15	135	230	
16	136	231	
17	137	232	
18	138	233	
91	182	
92	183	
93	184	
94	185	
95	186	
96	187	
97	188	
98	189	
99	190	
100	191	
101	192	
102	193	
103	194	
104	195	
105	196	
106	197	
107	198	
108	199	
109	200	
110	201	
111	202	
112	203	
57	204	
58	205	
59	206	
60	207	
61	208	
62	209	
63	210	
64	211	
65	212	
66	213	
67	214	
68	215	
69	216	
70	217	
71	218	
72	219	
73	220	
74	221	
75	222	
76	223	
77	224	
78	169	
79	170	
80	171	
81	172	
82	173	
83	174	
84	175	
85	176	
86	177	
87	178	
88	179	
89	180	
90	181	
30	149	
31	150	
32	151	
33	152	
34	153	
35	154	
36	155	
37	156	
38	157	
39	158	
40	159	
41	160	
42	161	
43	162	
44	163	
45	164	
46	165	
47	166	
48	167	
49	168	
50	113	
51	114	
52	115	
53	116	
54	117	
55	118	
56	119	
1	120	
2	121	
3	122	
4	123	
5	124	
6	125	
7	126	
8	127	
9	128	
10	129	
11	130	
12	131	
13	132	
14	133	
15	134	
16	135	
17	136	
18	137	
19	138	
20	139	
21	140	
22	141	
23	142	
24	143	
25	144	
26	145	
27	146	
28	147	
29	148	
42	77	188	
43	78	189	
44	79	190	
45	80	191	
46	81	192	
47	82	193	
48	83	194	
49	84	195	
50	85	196	
51	86	197	
52	87	198	
53	88	199	
54	89	200	
55	90	201	
56	91	202	
1	92	203	
2	93	204	
3	94	205	
4	95	206	
5	96	207	
6	97	208	
7	98	209	
8	99	210	
9	100	211	
10	101	212	
11	102	213	
12	103	214	
13	104	215	
14	105	216	
15	106	217	
16	107	218	
17	108	219	
18	109	220	
19	110	221	
20	111	222	
21	112	223	
22	57	224	
23	58	169	
24	59	170	
25	60	171	
26	61	172	
27	62	173	
28	63	174	
29	64	175	
30	65	176	
31	66	177	
32	67	178	
33	68	179	
34	69	180	
35	70	181	
36	71	182	
37	72	183	
38	73	184	
39	74	185	
40	75	186	
41	76	187	
41	110	260	
42	111	261	
43	112	262	
44	57	263	
45	58	264	
46	59	265	
47	60	266	
48	61	267	
49	62	268	
50	63	269	
51	64	270	
52	65	271	
53	66	272	
54	67	273	
55	68	274	
56	69	275	
1	70	276	
2	71	277	
3	72	278	
4	73	279	
5	74	280	
6	75	225	
7	76	226	
8	77	227	
9	78	228	
10	79	229	
11	80	230	
12	81	231	
13	82	232	
14	83	233	
15	84	234	
16	85	235	
17	86	236	
18	87	237	
19	88	238	
20	89	239	
21	90	240	
22	91	241	
23	92	242	
24	93	243	
25	94	244	
26	95	245	
27	96	246	
28	97	247	
29	98	248	
30	99	249	
31	100	250	
32	101	251	
33	102	252	
34	103	253	
35	104	254	
36	105	255	
37	106	256	
38	107	257	
39	108	258	
40	109	259	
95	208	
96	209	
97	210	
98	211	
99	212	
100	213	
101	214	
102	215	
103	216	
104	217	
105	218	
106	219	
107	220	
108	221	
109	222	
110	223	
111	224	
112	169	
57	170	
58	171	
59	172	
60	173	
61	174	
62	175	
63	176	
64	177	
65	178	
66	179	
67	180	
68	181	
69	182	
70	183	
71	184	
72	185	
73	186	
74	187	
75	188	
76	189	
77	190	
78	191	
79	192	
80	193	
81	194	
82	195	
83	196	
84	197	
85	198	
86	199	
87	200	
88	201	
89	202	
90	203	
91	204	
92	205	
93	206	
94	207	
161	251	
162	252	
163	253	
164	254	
165	255	
166	256	
167	257	
168	258	
113	259	
114	260	
115	261	
116	262	
117	263	
118	264	
119	265	
120	266	
121	267	
122	268	
123	269	
124	270	
125	271	
126	272	
127	273	
128	274	
129	275	
130	276	
131	277	
132	278	
133	279	
134	280	
135	225	
136	226	
137	227	
138	228	
139	229	
140	230	
141	231	
142	232	
143	233	
144	234	
145	235	
146	236	
147	237	
148	238	
149	239	
150	240	
151	241	
152	242	
153	243	
154	244	
155	245	
156	246	
157	247	
158	248	
159	249	
160	250	
39	201	
40	202	
41	203	
42	204	
43	205	
44	206	
45	207	
46	208	
47	209	
48	210	
49	211	
50	212	
51	213	
52	214	
53	215	
54	216	
55	217	
56	218	
1	219	
2	220	
3	221	
4	222	
5	223	
6	224	
7	169	
8	170	
9	171	
10	172	
11	173	
12	174	
13	175	
14	176	
15	177	
16	178	
17	179	
18	180	
19	181	
20	182	
21	183	
22	184	
23	185	
24	186	
25	187	
26	188	
27	189	
28	190	
29	191	
30	192	
31	193	
32	194	
33	195	
34	196	
35	197	
36	198	
37	199	
38	200	
1	57	
2	58	
3	59	
4	60	
5	61	
6	62	
7	63	
8	64	
9	65	
10	66	
11	67	
12	68	
13	69	
14	70	
15	71	
16	72	
17	73	
18	74	
19	75	
20	76	
21	77	
22	78	
23	79	
24	80	
25	81	
26	82	
27	83	
28	84	
29	85	
30	86	
31	87	
32	88	
33	89	
34	90	
35	91	
36	92	
37	93	
38	94	
39	95	
40	96	
41	97	
42	98	
43	99	
44	100	
45	101	
46	102	
47	103	
48	104	
49	105	
50	106	
51	107	
52	108	
53	109	
54	110	
55	111	
56	112	
57	113	
58	114	
59	115	
60	116	
61	117	
62	118	
63	119	
64	120	
65	121	
66	122	
67	123	
68	124	
69	125	
70	126	
71	127	
72	128	
73	129	
74	130	
75	131	
76	132	
77	133	
78	134	
79	135	
80	136	
81	137	
82	138	
83	139	
84	140	
85	141	
86	142	
87	143	
88	144	
89	145	
90	146	
91	147	
92	148	
93	149	
94	150	
95	151	
96	152	
97	153	
98	154	
99	155	
100	156	
101	157	
102	158	
103	159	
104	160	
105	161	
106	162	
107	163	
108	164	
109	165	
110	166	
111	167	
112	168	
113	169	
114	170	
115	171	
116	172	
117	173	
118	174	
119	175	
120	176	
121	177	
122	178	
123	179	
124	180	
125	181	
126	182	
127	183	
128	184	
129	185	
130	186	
131	187	
132	188	
133	189	
134	190	
135	191	
136	192	
137	193	
138	194	
139	195	
140	196	
141	197	
142	198	
143	199	
144	200	
145	201	
146	202	
147	203	
148	204	
149	205	
150	206	
151	207	
152	208	
153	209	
154	210	
155	211	
156	212	
157	213	
158	214	
159	215	
160	216	
161	217	
162	218	
163	219	
164	220	
165	221	
166	222	
167	223	
168	224	
169	225	
170	226	
171	227	
172	228	
173	229	
174	230	
175	231	
176	232	
177	233	
178	234	
179	235	
180	236	
181	237	
182	238	
183	239	
184	240	
185	241	
186	242	
187	243	
188	244	
189	245	
190	246	
191	247	
192	248	
193	249	
194	250	
195	251	
196	252	
197	253	
198	254	
199	255	
200	256	
201	257	
202	258	
203	259	
204	260	
205	261	
206	262	
207	263	
208	264	
209	265	
210	266	
211	267	
212	268	
213	269	
214	270	
215	271	
216	272	
217	273	
218	274	
219	275	
220	276	
221	277	
222	278	
223	279	
224	280	

32	148	207	308	352	409	579	617	
33	149	208	309	353	410	580	618	
34	150	209	310	354	411	581	619	
35	151	210	311	355	412	582	620	
36	152	211	312	356	413	583	621	
37	153	212	313	357	414	584	622	
38	154	213	314	358	415	585	623	
39	155	214	315	359	416	586	624	
40	156	215	316	360	417	587	625	
41	157	216	317	361	418	588	626	
42	158	217	318	362	419	589	627	
43	159	218	319	363	420	590	628	
44	160	219	320	364	421	591	629	
45	161	220	321	365	422	592	630	
46	162	221	322	366	423	593	631	
47	163	222	323	367	424	594	632	
48	164	223	324	368	425	595	633	
49	165	224	325	369	426	596	634	
50	166	169	326	370	427	597	635	
51	167	170	327	371	428	598	636	
52	168	171	328	372	429	599	637	
53	113	172	329	373	430	600	638	
54	114	173	330	374	431	601	639	
55	115	174	331	375	432	602	640	
56	116	175	332	376	433	603	641	
1	117	176	333	377	434	604	642	
2	118	177	334	378	435	605	643	
3	119	178	335	379	436	606	644	
4	120	179	336	380	437	607	645	
5	121	180	281	381	438	608	646	
6	122	181	282	382	439	609	647	
7	123	182	283	383	440	610	648	
8	124	183	284	384	441	611	649	
9	125	184	285	385	442	612	650	
10	126	185	286	386	443	613	651	
11	127	186	287	387	444	614	652	
12	128	187	288	388	445	615	653	
13	129	188	289	389	446	616	654	
14	130	189	290	390	447	561	655	
15	131	190	291	391	448	562	656	
16	132	191	292	392	393	563	657	
17	133	192	293	337	394	564	658	
18	134	193	294	338	395	565	659	
19	135	194	295	339	396	566	660	
20	136	195	296	340	397	567	661	
21	137	196	297	341	398	568	662	
22	138	197	298	342	399	569	663	
23	139	198	299	343	400	570	664	
24	140	199	300	344	401	571	665	
25	141	200	301	345	402	572	666	
26	142	201	302	346	403	573	667	
27	143	202	303	347	404	574	668	
28	144	203	304	348	405	575	669	
29	145	204	305	349	406	576	670	
30	146	205	306	350	407	577	671	
31	147	206	307	351	408	578	672	
59	247	373	396	467	617	673	
60	248	374	397	468	618	674	
61	249	375	398	469	619	675	
62	250	376	399	470	620	676	
63	251	377	400	471	621	677	
64	252	378	401	472	622	678	
65	253	379	402	473	623	679	
66	254	380	403	474	624	680	
67	255	381	404	475	625	681	
68	256	382	405	476	626	682	
69	257	383	406	477	627	683	
70	258	384	407	478	628	684	
71	259	385	408	479	629	685	
72	260	386	409	480	630	686	
73	261	387	410	481	631	687	
74	262	388	411	482	632	688	
75	263	389	412	483	633	689	
76	264	390	413	484	634	690	
77	265	391	414	485	635	691	
78	266	392	415	486	636	692	
79	267	337	416	487	637	693	
80	268	338	417	488	638	694	
81	269	339	418	489	639	695	
82	270	340	419	490	640	696	
83	271	341	420	491	641	697	
84	272	342	421	492	642	698	
85	273	343	422	493	643	699	
86	274	344	423	494	644	700	
87	275	345	424	495	645	701	
88	276	346	425	496	646	702	
89	277	347	426	497	647	703	
90	278	348	427	498	648	704	
91	279	349	428	499	649	705	
92	280	350	429	500	650	706	
93	225	351	430	501	651	707	
94	226	352	431	502	652	708	
95	227	353	432	503	653	709	
96	228	354	433	504	654	710	
97	229	355	434	449	655	711	
98	230	356	435	450	656	712	
99	231	357	436	451	657	713	
100	232	358	437	452	658	714	
101	233	359	438	453	659	715	
102	234	360	439	454	660	716	
103	235	361	440	455	661	717	
104	236	362	441	456	662	718	
105	237	363	442	457	663	719	
106	238	364	443	458	664	720	
107	239	365	444	459	665	721	
108	240	366	445	460	666	722	
109	241	367	446	461	667	723	
110	242	368	447	462	668	724	
111	243	369	448	463	669	725	
112	244	370	393	464	670	726	
57	245	371	394	465	671	727	
58	246	372	395	466	672	728	
42	132	199	301	513	673	729	
43	133	200	302	514	674	730	
44	134	201	303	515	675	731	
45	135	202	304	516	676	732	
46	136	203	305	517	677	733	
47	137	204	306	518	678	734	
48	138	205	307	519	679	735	
49	139	206	308	520	680	736	
50	140	207	309	521	681	737	
51	141	208	310	522	682	738	
52	142	209	311	523	683	739	
53	143	210	312	524	684	740	
54	144	211	313	525	685	741	
55	145	212	314	526	686	742	
56	146	213	315	527	687	743	
1	147	214	316	528	688	744	
2	148	215	317	529	689	745	
3	149	216	318	530	690	746	
4	150	217	319	531	691	747	
5	151	218	320	532	692	748	
6	152	219	321	533	693	749	
7	153	220	322	534	694	750	
8	154	221	323	535	695	751	
9	155	222	324	536	696	752	
10	156	223	325	537	697	753	
11	157	224	326	538	698	754	
12	158	169	327	539	699	755	
13	159	170	328	540	700	756	
14	160	171	329	541	701	757	
15	161	172	330	542	702	758	
16	162	173	331	543	703	759	
17	163	174	332	544	704	760	
18	164	175	333	545	705	761	
19	165	176	334	546	706	762	
20	166	177	335	547	707	763	
21	167	178	336	548	708	764	
22	168	179	281	549	709	765	
23	113	180	282	550	710	766	
24	114	181	283	551	711	767	
25	115	182	284	552	712	768	
26	116	183	285	553	713	769	
27	117	184	286	554	714	770	
28	118	185	287	555	715	771	
29	119	186	288	556	716	772	
30	120	187	289	557	717	773	
31	121	188	290	558	718	774	
32	122	189	291	559	719	775	
33	123	190	292	560	720	776	
34	124	191	293	505	721	777	
35	125	192	294	506	722	778	
36	126	193	295	507	723	779	
37	127	194	296	508	724	780	
38	128	195	297	509	725	781	
39	129	196	298	510	726	782	
40	130	197	299	511	727	783	
41	131	198	300	512	728	784	
86	268	374	466	585	729	785	
87	269	375	467	586	730	786	
88	270	376	468	587	731	787	
89	271	377	469	588	732	788	
90	272	378	470	589	733	789	
91	273	379	471	590	734	790	
92	274	380	472	591	735	791	
93	275	381	473	592	736	792	
94	276	382	474	593	737	793	
95	277	383	475	594	738	794	
96	278	384	476	595	739	795	
97	279	385	477	596	740	796	
98	280	386	478	597	741	797	
99	225	387	479	598	742	798	
100	226	388	480	599	743	799	
101	227	389	481	600	744	800	
102	228	390	482	601	745	801	
103	229	391	483	602	746	802	
104	230	392	484	603	747	803	
105	231	337	485	604	748	804	
106	232	338	486	605	749	805	
107	233	339	487	606	750	806	
108	234	340	488	607	751	807	
109	235	341	489	608	752	808	
110	236	342	490	609	753	809	
111	237	343	491	610	754	810	
112	238	344	492	611	755	811	
57	239	345	493	612	756	812	
58	240	346	494	613	757	813	
59	241	347	495	614	758	814	
60	242	348	496	615	759	815	
61	243	349	497	616	760	816	
62	244	350	498	561	761	817	
63	245	351	499	562	762	818	
64	246	352	500	563	763	819	
65	247	353	501	564	764	820	
66	248	354	502	565	765	821	
67	249	355	503	566	766	822	
68	250	356	504	567	767	823	
69	251	357	449	568	768	824	
70	252	358	450	569	769	825	
71	253	359	451	570	770	826	
72	254	360	452	571	771	827	
73	255	361	453	572	772	828	
74	256	362	454	573	773	829	
75	257	363	455	574	774	830	
76	258	364	456	575	775	831	
77	259	365	457	576	776	832	
78	260	366	458	577	777	833	
79	261	367	459	578	778	834	
80	262	368	460	579	779	835	
81	263	369	461	580	780	836	
82	264	370	462	581	781	837	
83	265	371	463	582	782	838	
84	266	372	464	583	783	839	
85	267	373	465	584	784	840	
45	104	155	216	414	535	785	
46	105	156	217	415	536	786	
47	106	157	218	416	537	787	
48	107	158	219	417	538	788	
49	108	159	220	418	539	789	
50	109	160	221	419	540	790	
51	110	161	222	420	541	791	
52	111	162	223	421	542	792	
53	112	163	224	422	543	793	
54	57	164	169	423	544	794	
55	58	165	170	424	545	795	
56	59	166	171	425	546	796	
1	60	167	172	426	547	797	
2	61	168	173	427	548	798	
3	62	113	174	428	549	799	
4	63	114	175	429	550	800	
5	64	115	176	430	551	801	
6	65	116	177	431	552	802	
7	66	117	178	432	553	803	
8	67	118	179	433	554	804	
9	68	119	180	434	555	805	
10	69	120	181	435	556	806	
11	70	121	182	436	557	807	
12	71	122	183	437	558	808	
13	72	123	184	438	559	809	
14	73	124	185	439	560	810	
15	74	125	186	440	505	811	
16	75	126	187	441	506	812	
17	76	127	188	442	507	813	
18	77	128	189	443	508	814	
19	78	129	190	444	509	815	
20	79	130	191	445	510	816	
21	80	131	192	446	511	817	
22	81	132	193	447	512	818	
23	82	133	194	448	513	819	
24	83	134	195	393	514	820	
25	84	135	196	394	515	821	
26	85	136	197	395	516	822	
27	86	137	198	396	517	823	
28	87	138	199	397	518	824	
29	88	139	200	398	519	825	
30	89	140	201	399	520	826	
31	90	141	202	400	521	827	
32	91	142	203	401	522	828	
33	92	143	204	402	523	829	
34	93	144	205	403	524	830	
35	94	145	206	404	525	831	
36	95	146	207	405	526	832	
37	96	147	208	406	527	833	
38	97	148	209	407	528	834	
39	98	149	210	408	529	835	
40	99	150	211	409	530	836	
41	100	151	212	410	531	837	
42	101	152	213	411	532	838	
43	102	153	214	412	533	839	
44	103	154	215	413	534	840	

