990 660 
17 23
17 17 17 17 17 17 17 17 17 17 17 17 17 17 17 17 17 17 17 17 17 17 17 17 17 17 17 17 17 17 14 14 14 14 14 14 14 14 14 14 14 14 14 14 14 14 14 14 14 14 14 14 14 14 14 14 14 14 14 14 8 8 8 8 8 8 8 8 8 8 8 8 8 8 8 8 8 8 8 8 8 8 8 8 8 8 8 8 8 8 7 7 7 7 7 7 7 7 7 7 7 7 7 7 7 7 7 7 7 7 7 7 7 7 7 7 7 7 7 7 6 6 6 6 6 6 6 6 6 6 6 6 6 6 6 6 6 6 6 6 6 6 6 6 6 6 6 6 6 6 6 6 6 6 6 6 6 6 6 6 6 6 6 6 6 6 6 6 6 6 6 6 6 6 6 6 6 6 6 6 6 6 6 6 6 6 6 6 6 6 6 6 6 6 6 6 6 6 6 6 6 6 6 6 6 6 6 6 6 6 7 7 7 7 7 7 7 7 7 7 7 7 7 7 7 7 7 7 7 7 7 7 7 7 7 7 7 7 7 7 6 6 6 6 6 6 6 6 6 6 6 6 6 6 6 6 6 6 6 6 6 6 6 6 6 6 6 6 6 6 5 5 5 5 5 5 5 5 5 5 5 5 5 5 5 5 5 5 5 5 5 5 5 5 5 5 5 5 5 5 6 6 6 6 6 6 6 6 6 6 6 6 6 6 6 6 6 6 6 6 6 6 6 6 6 6 6 6 6 6 3 3 3 3 3 3 3 3 3 3 3 3 3 3 3 3 3 3 3 3 3 3 3 3 3 3 3 3 3 3 9 9 9 9 9 9 9 9 9 9 9 9 9 9 9 9 9 9 9 9 9 9 9 9 9 9 9 9 9 9 10 10 10 10 10 10 10 10 10 10 10 10 10 10 10 10 10 10 10 10 10 10 10 10 10 10 10 10 10 10 3 3 3 3 3 3 3 3 3 3 3 3 3 3 3 3 3 3 3 3 3 3 3 3 3 3 3 3 3 3 7 7 7 7 7 7 7 7 7 7 7 7 7 7 7 7 7 7 7 7 7 7 7 7 7 7 7 7 7 7 5 5 5 5 5 5 5 5 5 5 5 5 5 5 5 5 5 5 5 5 5 5 5 5 5 5 5 5 5 5 7 7 7 7 7 7 7 7 7 7 7 7 7 7 7 7 7 7 7 7 7 7 7 7 7 7 7 7 7 7 6 6 6 6 6 6 6 6 6 6 6 6 6 6 6 6 6 6 6 6 6 6 6 6 6 6 6 6 6 6 5 5 5 5 5 5 5 5 5 5 5 5 5 5 5 5 5 5 5 5 5 5 5 5 5 5 5 5 5 5 5 5 5 5 5 5 5 5 5 5 5 5 5 5 5 5 5 5 5 5 5 5 5 5 5 5 5 5 5 5 4 4 4 4 4 4 4 4 4 4 4 4 4 4 4 4 4 4 4 4 4 4 4 4 4 4 4 4 4 4 8 8 8 8 8 8 8 8 8 8 8 8 8 8 8 8 8 8 8 8 8 8 8 8 8 8 8 8 8 8 2 2 2 2 2 2 2 2 2 2 2 2 2 2 2 2 2 2 2 2 2 2 2 2 2 2 2 2 2 2 2 2 2 2 2 2 2 2 2 2 2 2 2 2 2 2 2 2 2 2 2 2 2 2 2 2 2 2 2 2 5 5 5 5 5 5 5 5 5 5 5 5 5 5 5 5 5 5 5 5 5 5 5 5 5 5 5 5 5 5 4 4 4 4 4 4 4 4 4 4 4 4 4 4 4 4 4 4 4 4 4 4 4 4 4 4 4 4 4 4 1 1 1 1 1 1 1 1 1 1 1 1 1 1 1 1 1 1 1 1 1 1 1 1 1 1 1 1 1 1 1 1 1 1 1 1 1 1 1 1 1 1 1 1 1 1 1 1 1 1 1 1 1 1 1 1 1 1 1 1 1 1 1 1 1 1 1 1 1 1 1 1 1 1 1 1 1 1 1 1 1 1 1 1 1 1 1 1 1 1 1 1 1 1 1 1 1 1 1 1 1 1 1 1 1 1 1 1 1 1 1 1 1 1 1 1 1 1 1 1 1 1 1 1 1 1 1 1 1 1 1 1 1 1 1 1 1 1 1 1 1 1 1 1 1 1 1 1 1 1 1 1 1 1 1 1 1 1 1 1 1 1 1 1 1 1 1 1 1 1 1 1 1 1 1 1 1 1 1 1 
23 23 23 23 23 23 23 23 23 23 23 23 23 23 23 23 23 23 23 23 23 23 23 23 23 23 23 23 23 23 14 14 14 14 14 14 14 14 14 14 14 14 14 14 14 14 14 14 14 14 14 14 14 14 14 14 14 14 14 14 5 5 5 5 5 5 5 5 5 5 5 5 5 5 5 5 5 5 5 5 5 5 5 5 5 5 5 5 5 5 14 14 14 14 14 14 14 14 14 14 14 14 14 14 14 14 14 14 14 14 14 14 14 14 14 14 14 14 14 14 23 23 23 23 23 23 23 23 23 23 23 23 23 23 23 23 23 23 23 23 23 23 23 23 23 23 23 23 23 23 6 6 6 6 6 6 6 6 6 6 6 6 6 6 6 6 6 6 6 6 6 6 6 6 6 6 6 6 6 6 8 8 8 8 8 8 8 8 8 8 8 8 8 8 8 8 8 8 8 8 8 8 8 8 8 8 8 8 8 8 8 8 8 8 8 8 8 8 8 8 8 8 8 8 8 8 8 8 8 8 8 8 8 8 8 8 8 8 8 8 8 8 8 8 8 8 8 8 8 8 8 8 8 8 8 8 8 8 8 8 8 8 8 8 8 8 8 8 8 8 7 7 7 7 7 7 7 7 7 7 7 7 7 7 7 7 7 7 7 7 7 7 7 7 7 7 7 7 7 7 7 7 7 7 7 7 7 7 7 7 7 7 7 7 7 7 7 7 7 7 7 7 7 7 7 7 7 7 7 7 6 6 6 6 6 6 6 6 6 6 6 6 6 6 6 6 6 6 6 6 6 6 6 6 6 6 6 6 6 6 6 6 6 6 6 6 6 6 6 6 6 6 6 6 6 6 6 6 6 6 6 6 6 6 6 6 6 6 6 6 6 6 6 6 6 6 6 6 6 6 6 6 6 6 6 6 6 6 6 6 6 6 6 6 6 6 6 6 6 6 5 5 5 5 5 5 5 5 5 5 5 5 5 5 5 5 5 5 5 5 5 5 5 5 5 5 5 5 5 5 6 6 6 6 6 6 6 6 6 6 6 6 6 6 6 6 6 6 6 6 6 6 6 6 6 6 6 6 6 6 5 5 5 5 5 5 5 5 5 5 5 5 5 5 5 5 5 5 5 5 5 5 5 5 5 5 5 5 5 5 4 4 4 4 4 4 4 4 4 4 4 4 4 4 4 4 4 4 4 4 4 4 4 4 4 4 4 4 4 4 5 5 5 5 5 5 5 5 5 5 5 5 5 5 5 5 5 5 5 5 5 5 5 5 5 5 5 5 5 5 5 5 5 5 5 5 5 5 5 5 5 5 5 5 5 5 5 5 5 5 5 5 5 5 5 5 5 5 5 5 4 4 4 4 4 4 4 4 4 4 4 4 4 4 4 4 4 4 4 4 4 4 4 4 4 4 4 4 4 4 4 4 4 4 4 4 4 4 4 4 4 4 4 4 4 4 4 4 4 4 4 4 4 4 4 4 4 4 4 4 
10	42	77	92	145	177	198	211	269	316	355	382	449	469	502	577	627	
11	43	78	93	146	178	199	212	270	317	356	383	450	470	503	578	628	
12	44	79	94	147	179	200	213	241	318	357	384	421	471	504	579	629	
13	45	80	95	148	180	201	214	242	319	358	385	422	472	505	580	630	
14	46	81	96	149	151	202	215	243	320	359	386	423	473	506	581	601	
15	47	82	97	150	152	203	216	244	321	360	387	424	474	507	582	602	
16	48	83	98	121	153	204	217	245	322	331	388	425	475	508	583	603	
17	49	84	99	122	154	205	218	246	323	332	389	426	476	509	584	604	
18	50	85	100	123	155	206	219	247	324	333	390	427	477	510	585	605	
19	51	86	101	124	156	207	220	248	325	334	361	428	478	481	586	606	
20	52	87	102	125	157	208	221	249	326	335	362	429	479	482	587	607	
21	53	88	103	126	158	209	222	250	327	336	363	430	480	483	588	608	
22	54	89	104	127	159	210	223	251	328	337	364	431	451	484	589	609	
23	55	90	105	128	160	181	224	252	329	338	365	432	452	485	590	610	
24	56	61	106	129	161	182	225	253	330	339	366	433	453	486	591	611	
25	57	62	107	130	162	183	226	254	301	340	367	434	454	487	592	612	
26	58	63	108	131	163	184	227	255	302	341	368	435	455	488	593	613	
27	59	64	109	132	164	185	228	256	303	342	369	436	456	489	594	614	
28	60	65	110	133	165	186	229	257	304	343	370	437	457	490	595	615	
29	31	66	111	134	166	187	230	258	305	344	371	438	458	491	596	616	
30	32	67	112	135	167	188	231	259	306	345	372	439	459	492	597	617	
1	33	68	113	136	168	189	232	260	307	346	373	440	460	493	598	618	
2	34	69	114	137	169	190	233	261	308	347	374	441	461	494	599	619	
3	35	70	115	138	170	191	234	262	309	348	375	442	462	495	600	620	
4	36	71	116	139	171	192	235	263	310	349	376	443	463	496	571	621	
5	37	72	117	140	172	193	236	264	311	350	377	444	464	497	572	622	
6	38	73	118	141	173	194	237	265	312	351	378	445	465	498	573	623	
7	39	74	119	142	174	195	238	266	313	352	379	446	466	499	574	624	
8	40	75	120	143	175	196	239	267	314	353	380	447	467	500	575	625	
9	41	76	91	144	176	197	240	268	315	354	381	448	468	501	576	626	
49	65	120	176	233	253	283	316	376	409	480	511	570	642	
50	66	91	177	234	254	284	317	377	410	451	512	541	643	
51	67	92	178	235	255	285	318	378	411	452	513	542	644	
52	68	93	179	236	256	286	319	379	412	453	514	543	645	
53	69	94	180	237	257	287	320	380	413	454	515	544	646	
54	70	95	151	238	258	288	321	381	414	455	516	545	647	
55	71	96	152	239	259	289	322	382	415	456	517	546	648	
56	72	97	153	240	260	290	323	383	416	457	518	547	649	
57	73	98	154	211	261	291	324	384	417	458	519	548	650	
58	74	99	155	212	262	292	325	385	418	459	520	549	651	
59	75	100	156	213	263	293	326	386	419	460	521	550	652	
60	76	101	157	214	264	294	327	387	420	461	522	551	653	
31	77	102	158	215	265	295	328	388	391	462	523	552	654	
32	78	103	159	216	266	296	329	389	392	463	524	553	655	
33	79	104	160	217	267	297	330	390	393	464	525	554	656	
34	80	105	161	218	268	298	301	361	394	465	526	555	657	
35	81	106	162	219	269	299	302	362	395	466	527	556	658	
36	82	107	163	220	270	300	303	363	396	467	528	557	659	
37	83	108	164	221	241	271	304	364	397	468	529	558	660	
38	84	109	165	222	242	272	305	365	398	469	530	559	631	
39	85	110	166	223	243	273	306	366	399	470	531	560	632	
40	86	111	167	224	244	274	307	367	400	471	532	561	633	
41	87	112	168	225	245	275	308	368	401	472	533	562	634	
42	88	113	169	226	246	276	309	369	402	473	534	563	635	
43	89	114	170	227	247	277	310	370	403	474	535	564	636	
44	90	115	171	228	248	278	311	371	404	475	536	565	637	
45	61	116	172	229	249	279	312	372	405	476	537	566	638	
46	62	117	173	230	250	280	313	373	406	477	538	567	639	
47	63	118	174	231	251	281	314	374	407	478	539	568	640	
48	64	119	175	232	252	282	315	375	408	479	540	569	641	
9	93	145	237	276	331	508	542	
10	94	146	238	277	332	509	543	
11	95	147	239	278	333	510	544	
12	96	148	240	279	334	481	545	
13	97	149	211	280	335	482	546	
14	98	150	212	281	336	483	547	
15	99	121	213	282	337	484	548	
16	100	122	214	283	338	485	549	
17	101	123	215	284	339	486	550	
18	102	124	216	285	340	487	551	
19	103	125	217	286	341	488	552	
20	104	126	218	287	342	489	553	
21	105	127	219	288	343	490	554	
22	106	128	220	289	344	491	555	
23	107	129	221	290	345	492	556	
24	108	130	222	291	346	493	557	
25	109	131	223	292	347	494	558	
26	110	132	224	293	348	495	559	
27	111	133	225	294	349	496	560	
28	112	134	226	295	350	497	561	
29	113	135	227	296	351	498	562	
30	114	136	228	297	352	499	563	
1	115	137	229	298	353	500	564	
2	116	138	230	299	354	501	565	
3	117	139	231	300	355	502	566	
4	118	140	232	271	356	503	567	
5	119	141	233	272	357	504	568	
6	120	142	234	273	358	505	569	
7	91	143	235	274	359	506	570	
8	92	144	236	275	360	507	541	
4	117	146	248	357	525	591	
5	118	147	249	358	526	592	
6	119	148	250	359	527	593	
7	120	149	251	360	528	594	
8	91	150	252	331	529	595	
9	92	121	253	332	530	596	
10	93	122	254	333	531	597	
11	94	123	255	334	532	598	
12	95	124	256	335	533	599	
13	96	125	257	336	534	600	
14	97	126	258	337	535	571	
15	98	127	259	338	536	572	
16	99	128	260	339	537	573	
17	100	129	261	340	538	574	
18	101	130	262	341	539	575	
19	102	131	263	342	540	576	
20	103	132	264	343	511	577	
21	104	133	265	344	512	578	
22	105	134	266	345	513	579	
23	106	135	267	346	514	580	
24	107	136	268	347	515	581	
25	108	137	269	348	516	582	
26	109	138	270	349	517	583	
27	110	139	241	350	518	584	
28	111	140	242	351	519	585	
29	112	141	243	352	520	586	
30	113	142	244	353	521	587	
1	114	143	245	354	522	588	
2	115	144	246	355	523	589	
3	116	145	247	356	524	590	
17	35	149	204	394	657	
18	36	150	205	395	658	
19	37	121	206	396	659	
20	38	122	207	397	660	
21	39	123	208	398	631	
22	40	124	209	399	632	
23	41	125	210	400	633	
24	42	126	181	401	634	
25	43	127	182	402	635	
26	44	128	183	403	636	
27	45	129	184	404	637	
28	46	130	185	405	638	
29	47	131	186	406	639	
30	48	132	187	407	640	
1	49	133	188	408	641	
2	50	134	189	409	642	
3	51	135	190	410	643	
4	52	136	191	411	644	
5	53	137	192	412	645	
6	54	138	193	413	646	
7	55	139	194	414	647	
8	56	140	195	415	648	
9	57	141	196	416	649	
10	58	142	197	417	650	
11	59	143	198	418	651	
12	60	144	199	419	652	
13	31	145	200	420	653	
14	32	146	201	391	654	
15	33	147	202	392	655	
16	34	148	203	393	656	
21	31	142	202	277	503	
22	32	143	203	278	504	
23	33	144	204	279	505	
24	34	145	205	280	506	
25	35	146	206	281	507	
26	36	147	207	282	508	
27	37	148	208	283	509	
28	38	149	209	284	510	
29	39	150	210	285	481	
30	40	121	181	286	482	
1	41	122	182	287	483	
2	42	123	183	288	484	
3	43	124	184	289	485	
4	44	125	185	290	486	
5	45	126	186	291	487	
6	46	127	187	292	488	
7	47	128	188	293	489	
8	48	129	189	294	490	
9	49	130	190	295	491	
10	50	131	191	296	492	
11	51	132	192	297	493	
12	52	133	193	298	494	
13	53	134	194	299	495	
14	54	135	195	300	496	
15	55	136	196	271	497	
16	56	137	197	272	498	
17	57	138	198	273	499	
18	58	139	199	274	500	
19	59	140	200	275	501	
20	60	141	201	276	502	
30	119	121	330	431	546	
1	120	122	301	432	547	
2	91	123	302	433	548	
3	92	124	303	434	549	
4	93	125	304	435	550	
5	94	126	305	436	551	
6	95	127	306	437	552	
7	96	128	307	438	553	
8	97	129	308	439	554	
9	98	130	309	440	555	
10	99	131	310	441	556	
11	100	132	311	442	557	
12	101	133	312	443	558	
13	102	134	313	444	559	
14	103	135	314	445	560	
15	104	136	315	446	561	
16	105	137	316	447	562	
17	106	138	317	448	563	
18	107	139	318	449	564	
19	108	140	319	450	565	
20	109	141	320	421	566	
21	110	142	321	422	567	
22	111	143	322	423	568	
23	112	144	323	424	569	
24	113	145	324	425	570	
25	114	146	325	426	541	
26	115	147	326	427	542	
27	116	148	327	428	543	
28	117	149	328	429	544	
29	118	150	329	430	545	
20	99	145	217	296	432	614	
21	100	146	218	297	433	615	
22	101	147	219	298	434	616	
23	102	148	220	299	435	617	
24	103	149	221	300	436	618	
25	104	150	222	271	437	619	
26	105	121	223	272	438	620	
27	106	122	224	273	439	621	
28	107	123	225	274	440	622	
29	108	124	226	275	441	623	
30	109	125	227	276	442	624	
1	110	126	228	277	443	625	
2	111	127	229	278	444	626	
3	112	128	230	279	445	627	
4	113	129	231	280	446	628	
5	114	130	232	281	447	629	
6	115	131	233	282	448	630	
7	116	132	234	283	449	601	
8	117	133	235	284	450	602	
9	118	134	236	285	421	603	
10	119	135	237	286	422	604	
11	120	136	238	287	423	605	
12	91	137	239	288	424	606	
13	92	138	240	289	425	607	
14	93	139	211	290	426	608	
15	94	140	212	291	427	609	
16	95	141	213	292	428	610	
17	96	142	214	293	429	611	
18	97	143	215	294	430	612	
19	98	144	216	295	431	613	
4	60	134	197	268	337	
5	31	135	198	269	338	
6	32	136	199	270	339	
7	33	137	200	241	340	
8	34	138	201	242	341	
9	35	139	202	243	342	
10	36	140	203	244	343	
11	37	141	204	245	344	
12	38	142	205	246	345	
13	39	143	206	247	346	
14	40	144	207	248	347	
15	41	145	208	249	348	
16	42	146	209	250	349	
17	43	147	210	251	350	
18	44	148	181	252	351	
19	45	149	182	253	352	
20	46	150	183	254	353	
21	47	121	184	255	354	
22	48	122	185	256	355	
23	49	123	186	257	356	
24	50	124	187	258	357	
25	51	125	188	259	358	
26	52	126	189	260	359	
27	53	127	190	261	360	
28	54	128	191	262	331	
29	55	129	192	263	332	
30	56	130	193	264	333	
1	57	131	194	265	334	
2	58	132	195	266	335	
3	59	133	196	267	336	
28	33	142	175	218	
29	34	143	176	219	
30	35	144	177	220	
1	36	145	178	221	
2	37	146	179	222	
3	38	147	180	223	
4	39	148	151	224	
5	40	149	152	225	
6	41	150	153	226	
7	42	121	154	227	
8	43	122	155	228	
9	44	123	156	229	
10	45	124	157	230	
11	46	125	158	231	
12	47	126	159	232	
13	48	127	160	233	
14	49	128	161	234	
15	50	129	162	235	
16	51	130	163	236	
17	52	131	164	237	
18	53	132	165	238	
19	54	133	166	239	
20	55	134	167	240	
21	56	135	168	211	
22	57	136	169	212	
23	58	137	170	213	
24	59	138	171	214	
25	60	139	172	215	
26	31	140	173	216	
27	32	141	174	217	
30	117	147	376	515	575	
1	118	148	377	516	576	
2	119	149	378	517	577	
3	120	150	379	518	578	
4	91	121	380	519	579	
5	92	122	381	520	580	
6	93	123	382	521	581	
7	94	124	383	522	582	
8	95	125	384	523	583	
9	96	126	385	524	584	
10	97	127	386	525	585	
11	98	128	387	526	586	
12	99	129	388	527	587	
13	100	130	389	528	588	
14	101	131	390	529	589	
15	102	132	361	530	590	
16	103	133	362	531	591	
17	104	134	363	532	592	
18	105	135	364	533	593	
19	106	136	365	534	594	
20	107	137	366	535	595	
21	108	138	367	536	596	
22	109	139	368	537	597	
23	110	140	369	538	598	
24	111	141	370	539	599	
25	112	142	371	540	600	
26	113	143	372	511	571	
27	114	144	373	512	572	
28	115	145	374	513	573	
29	116	146	375	514	574	
27	92	128	
28	93	129	
29	94	130	
30	95	131	
1	96	132	
2	97	133	
3	98	134	
4	99	135	
5	100	136	
6	101	137	
7	102	138	
8	103	139	
9	104	140	
10	105	141	
11	106	142	
12	107	143	
13	108	144	
14	109	145	
15	110	146	
16	111	147	
17	112	148	
18	113	149	
19	114	150	
20	115	121	
21	116	122	
22	117	123	
23	118	124	
24	119	125	
25	120	126	
26	91	127	
1	32	147	181	253	319	371	468	569	
2	33	148	182	254	320	372	469	570	
3	34	149	183	255	321	373	470	541	
4	35	150	184	256	322	374	471	542	
5	36	121	185	257	323	375	472	543	
6	37	122	186	258	324	376	473	544	
7	38	123	187	259	325	377	474	545	
8	39	124	188	260	326	378	475	546	
9	40	125	189	261	327	379	476	547	
10	41	126	190	262	328	380	477	548	
11	42	127	191	263	329	381	478	549	
12	43	128	192	264	330	382	479	550	
13	44	129	193	265	301	383	480	551	
14	45	130	194	266	302	384	451	552	
15	46	131	195	267	303	385	452	553	
16	47	132	196	268	304	386	453	554	
17	48	133	197	269	305	387	454	555	
18	49	134	198	270	306	388	455	556	
19	50	135	199	241	307	389	456	557	
20	51	136	200	242	308	390	457	558	
21	52	137	201	243	309	361	458	559	
22	53	138	202	244	310	362	459	560	
23	54	139	203	245	311	363	460	561	
24	55	140	204	246	312	364	461	562	
25	56	141	205	247	313	365	462	563	
26	57	142	206	248	314	366	463	564	
27	58	143	207	249	315	367	464	565	
28	59	144	208	250	316	368	465	566	
29	60	145	209	251	317	369	466	567	
30	31	146	210	252	318	370	467	568	
11	44	121	151	216	280	334	393	479	630	
12	45	122	152	217	281	335	394	480	601	
13	46	123	153	218	282	336	395	451	602	
14	47	124	154	219	283	337	396	452	603	
15	48	125	155	220	284	338	397	453	604	
16	49	126	156	221	285	339	398	454	605	
17	50	127	157	222	286	340	399	455	606	
18	51	128	158	223	287	341	400	456	607	
19	52	129	159	224	288	342	401	457	608	
20	53	130	160	225	289	343	402	458	609	
21	54	131	161	226	290	344	403	459	610	
22	55	132	162	227	291	345	404	460	611	
23	56	133	163	228	292	346	405	461	612	
24	57	134	164	229	293	347	406	462	613	
25	58	135	165	230	294	348	407	463	614	
26	59	136	166	231	295	349	408	464	615	
27	60	137	167	232	296	350	409	465	616	
28	31	138	168	233	297	351	410	466	617	
29	32	139	169	234	298	352	411	467	618	
30	33	140	170	235	299	353	412	468	619	
1	34	141	171	236	300	354	413	469	620	
2	35	142	172	237	271	355	414	470	621	
3	36	143	173	238	272	356	415	471	622	
4	37	144	174	239	273	357	416	472	623	
5	38	145	175	240	274	358	417	473	624	
6	39	146	176	211	275	359	418	474	625	
7	40	147	177	212	276	360	419	475	626	
8	41	148	178	213	277	331	420	476	627	
9	42	149	179	214	278	332	391	477	628	
10	43	150	180	215	279	333	392	478	629	
1	110	121	
2	111	122	
3	112	123	
4	113	124	
5	114	125	
6	115	126	
7	116	127	
8	117	128	
9	118	129	
10	119	130	
11	120	131	
12	91	132	
13	92	133	
14	93	134	
15	94	135	
16	95	136	
17	96	137	
18	97	138	
19	98	139	
20	99	140	
21	100	141	
22	101	142	
23	102	143	
24	103	144	
25	104	145	
26	105	146	
27	106	147	
28	107	148	
29	108	149	
30	109	150	
5	93	133	241	319	420	498	
6	94	134	242	320	391	499	
7	95	135	243	321	392	500	
8	96	136	244	322	393	501	
9	97	137	245	323	394	502	
10	98	138	246	324	395	503	
11	99	139	247	325	396	504	
12	100	140	248	326	397	505	
13	101	141	249	327	398	506	
14	102	142	250	328	399	507	
15	103	143	251	329	400	508	
16	104	144	252	330	401	509	
17	105	145	253	301	402	510	
18	106	146	254	302	403	481	
19	107	147	255	303	404	482	
20	108	148	256	304	405	483	
21	109	149	257	305	406	484	
22	110	150	258	306	407	485	
23	111	121	259	307	408	486	
24	112	122	260	308	409	487	
25	113	123	261	309	410	488	
26	114	124	262	310	411	489	
27	115	125	263	311	412	490	
28	116	126	264	312	413	491	
29	117	127	265	313	414	492	
30	118	128	266	314	415	493	
1	119	129	267	315	416	494	
2	120	130	268	316	417	495	
3	91	131	269	317	418	496	
4	92	132	270	318	419	497	
29	41	133	155	572	
30	42	134	156	573	
1	43	135	157	574	
2	44	136	158	575	
3	45	137	159	576	
4	46	138	160	577	
5	47	139	161	578	
6	48	140	162	579	
7	49	141	163	580	
8	50	142	164	581	
9	51	143	165	582	
10	52	144	166	583	
11	53	145	167	584	
12	54	146	168	585	
13	55	147	169	586	
14	56	148	170	587	
15	57	149	171	588	
16	58	150	172	589	
17	59	121	173	590	
18	60	122	174	591	
19	31	123	175	592	
20	32	124	176	593	
21	33	125	177	594	
22	34	126	178	595	
23	35	127	179	596	
24	36	128	180	597	
25	37	129	151	598	
26	38	130	152	599	
27	39	131	153	600	
28	40	132	154	571	
28	34	133	210	265	369	439	
29	35	134	181	266	370	440	
30	36	135	182	267	371	441	
1	37	136	183	268	372	442	
2	38	137	184	269	373	443	
3	39	138	185	270	374	444	
4	40	139	186	241	375	445	
5	41	140	187	242	376	446	
6	42	141	188	243	377	447	
7	43	142	189	244	378	448	
8	44	143	190	245	379	449	
9	45	144	191	246	380	450	
10	46	145	192	247	381	421	
11	47	146	193	248	382	422	
12	48	147	194	249	383	423	
13	49	148	195	250	384	424	
14	50	149	196	251	385	425	
15	51	150	197	252	386	426	
16	52	121	198	253	387	427	
17	53	122	199	254	388	428	
18	54	123	200	255	389	429	
19	55	124	201	256	390	430	
20	56	125	202	257	361	431	
21	57	126	203	258	362	432	
22	58	127	204	259	363	433	
23	59	128	205	260	364	434	
24	60	129	206	261	365	435	
25	31	130	207	262	366	436	
26	32	131	208	263	367	437	
27	33	132	209	264	368	438	
27	119	124	215	483	656	
28	120	125	216	484	657	
29	91	126	217	485	658	
30	92	127	218	486	659	
1	93	128	219	487	660	
2	94	129	220	488	631	
3	95	130	221	489	632	
4	96	131	222	490	633	
5	97	132	223	491	634	
6	98	133	224	492	635	
7	99	134	225	493	636	
8	100	135	226	494	637	
9	101	136	227	495	638	
10	102	137	228	496	639	
11	103	138	229	497	640	
12	104	139	230	498	641	
13	105	140	231	499	642	
14	106	141	232	500	643	
15	107	142	233	501	644	
16	108	143	234	502	645	
17	109	144	235	503	646	
18	110	145	236	504	647	
19	111	146	237	505	648	
20	112	147	238	506	649	
21	113	148	239	507	650	
22	114	149	240	508	651	
23	115	150	211	509	652	
24	116	121	212	510	653	
25	117	122	213	481	654	
26	118	123	214	482	655	
1	120	144	294	418	
2	91	145	295	419	
3	92	146	296	420	
4	93	147	297	391	
5	94	148	298	392	
6	95	149	299	393	
7	96	150	300	394	
8	97	121	271	395	
9	98	122	272	396	
10	99	123	273	397	
11	100	124	274	398	
12	101	125	275	399	
13	102	126	276	400	
14	103	127	277	401	
15	104	128	278	402	
16	105	129	279	403	
17	106	130	280	404	
18	107	131	281	405	
19	108	132	282	406	
20	109	133	283	407	
21	110	134	284	408	
22	111	135	285	409	
23	112	136	286	410	
24	113	137	287	411	
25	114	138	288	412	
26	115	139	289	413	
27	116	140	290	414	
28	117	141	291	415	
29	118	142	292	416	
30	119	143	293	417	
27	49	138	331	463	
28	50	139	332	464	
29	51	140	333	465	
30	52	141	334	466	
1	53	142	335	467	
2	54	143	336	468	
3	55	144	337	469	
4	56	145	338	470	
5	57	146	339	471	
6	58	147	340	472	
7	59	148	341	473	
8	60	149	342	474	
9	31	150	343	475	
10	32	121	344	476	
11	33	122	345	477	
12	34	123	346	478	
13	35	124	347	479	
14	36	125	348	480	
15	37	126	349	451	
16	38	127	350	452	
17	39	128	351	453	
18	40	129	352	454	
19	41	130	353	455	
20	42	131	354	456	
21	43	132	355	457	
22	44	133	356	458	
23	45	134	357	459	
24	46	135	358	460	
25	47	136	359	461	
26	48	137	360	462	
10	59	123	570	
11	60	124	541	
12	31	125	542	
13	32	126	543	
14	33	127	544	
15	34	128	545	
16	35	129	546	
17	36	130	547	
18	37	131	548	
19	38	132	549	
20	39	133	550	
21	40	134	551	
22	41	135	552	
23	42	136	553	
24	43	137	554	
25	44	138	555	
26	45	139	556	
27	46	140	557	
28	47	141	558	
29	48	142	559	
30	49	143	560	
1	50	144	561	
2	51	145	562	
3	52	146	563	
4	53	147	564	
5	54	148	565	
6	55	149	566	
7	56	150	567	
8	57	121	568	
9	58	122	569	
1	90	121	199	306	418	536	571	
2	61	122	200	307	419	537	572	
3	62	123	201	308	420	538	573	
4	63	124	202	309	391	539	574	
5	64	125	203	310	392	540	575	
6	65	126	204	311	393	511	576	
7	66	127	205	312	394	512	577	
8	67	128	206	313	395	513	578	
9	68	129	207	314	396	514	579	
10	69	130	208	315	397	515	580	
11	70	131	209	316	398	516	581	
12	71	132	210	317	399	517	582	
13	72	133	181	318	400	518	583	
14	73	134	182	319	401	519	584	
15	74	135	183	320	402	520	585	
16	75	136	184	321	403	521	586	
17	76	137	185	322	404	522	587	
18	77	138	186	323	405	523	588	
19	78	139	187	324	406	524	589	
20	79	140	188	325	407	525	590	
21	80	141	189	326	408	526	591	
22	81	142	190	327	409	527	592	
23	82	143	191	328	410	528	593	
24	83	144	192	329	411	529	594	
25	84	145	193	330	412	530	595	
26	85	146	194	301	413	531	596	
27	86	147	195	302	414	532	597	
28	87	148	196	303	415	533	598	
29	88	149	197	304	416	534	599	
30	89	150	198	305	417	535	600	
1	31	
2	32	
3	33	
4	34	
5	35	
6	36	
7	37	
8	38	
9	39	
10	40	
11	41	
12	42	
13	43	
14	44	
15	45	
16	46	
17	47	
18	48	
19	49	
20	50	
21	51	
22	52	
23	53	
24	54	
25	55	
26	56	
27	57	
28	58	
29	59	
30	60	
31	61	
32	62	
33	63	
34	64	
35	65	
36	66	
37	67	
38	68	
39	69	
40	70	
41	71	
42	72	
43	73	
44	74	
45	75	
46	76	
47	77	
48	78	
49	79	
50	80	
51	81	
52	82	
53	83	
54	84	
55	85	
56	86	
57	87	
58	88	
59	89	
60	90	
61	91	376	423	656	
62	92	377	424	657	
63	93	378	425	658	
64	94	379	426	659	
65	95	380	427	660	
66	96	381	428	631	
67	97	382	429	632	
68	98	383	430	633	
69	99	384	431	634	
70	100	385	432	635	
71	101	386	433	636	
72	102	387	434	637	
73	103	388	435	638	
74	104	389	436	639	
75	105	390	437	640	
76	106	361	438	641	
77	107	362	439	642	
78	108	363	440	643	
79	109	364	441	644	
80	110	365	442	645	
81	111	366	443	646	
82	112	367	444	647	
83	113	368	445	648	
84	114	369	446	649	
85	115	370	447	650	
86	116	371	448	651	
87	117	372	449	652	
88	118	373	450	653	
89	119	374	421	654	
90	120	375	422	655	
91	121	465	610	
92	122	466	611	
93	123	467	612	
94	124	468	613	
95	125	469	614	
96	126	470	615	
97	127	471	616	
98	128	472	617	
99	129	473	618	
100	130	474	619	
101	131	475	620	
102	132	476	621	
103	133	477	622	
104	134	478	623	
105	135	479	624	
106	136	480	625	
107	137	451	626	
108	138	452	627	
109	139	453	628	
110	140	454	629	
111	141	455	630	
112	142	456	601	
113	143	457	602	
114	144	458	603	
115	145	459	604	
116	146	460	605	
117	147	461	606	
118	148	462	607	
119	149	463	608	
120	150	464	609	
151	
152	
153	
154	
155	
156	
157	
158	
159	
160	
161	
162	
163	
164	
165	
166	
167	
168	
169	
170	
171	
172	
173	
174	
175	
176	
177	
178	
179	
180	
181	
182	
183	
184	
185	
186	
187	
188	
189	
190	
191	
192	
193	
194	
195	
196	
197	
198	
199	
200	
201	
202	
203	
204	
205	
206	
207	
208	
209	
210	
211	
212	
213	
214	
215	
216	
217	
218	
219	
220	
221	
222	
223	
224	
225	
226	
227	
228	
229	
230	
231	
232	
233	
234	
235	
236	
237	
238	
239	
240	
241	
242	
243	
244	
245	
246	
247	
248	
249	
250	
251	
252	
253	
254	
255	
256	
257	
258	
259	
260	
261	
262	
263	
264	
265	
266	
267	
268	
269	
270	
271	
272	
273	
274	
275	
276	
277	
278	
279	
280	
281	
282	
283	
284	
285	
286	
287	
288	
289	
290	
291	
292	
293	
294	
295	
296	
297	
298	
299	
300	
301	
302	
303	
304	
305	
306	
307	
308	
309	
310	
311	
312	
313	
314	
315	
316	
317	
318	
319	
320	
321	
322	
323	
324	
325	
326	
327	
328	
329	
330	

22	83	118	135	161	182	222	268	274	302	335	361	411	421	477	483	514	545	571	605	652	661	691	
23	84	119	136	162	183	223	269	275	303	336	362	412	422	478	484	515	546	572	606	653	662	692	
24	85	120	137	163	184	224	270	276	304	337	363	413	423	479	485	516	547	573	607	654	663	693	
25	86	91	138	164	185	225	241	277	305	338	364	414	424	480	486	517	548	574	608	655	664	694	
26	87	92	139	165	186	226	242	278	306	339	365	415	425	451	487	518	549	575	609	656	665	695	
27	88	93	140	166	187	227	243	279	307	340	366	416	426	452	488	519	550	576	610	657	666	696	
28	89	94	141	167	188	228	244	280	308	341	367	417	427	453	489	520	551	577	611	658	667	697	
29	90	95	142	168	189	229	245	281	309	342	368	418	428	454	490	521	552	578	612	659	668	698	
30	61	96	143	169	190	230	246	282	310	343	369	419	429	455	491	522	553	579	613	660	669	699	
1	62	97	144	170	191	231	247	283	311	344	370	420	430	456	492	523	554	580	614	631	670	700	
2	63	98	145	171	192	232	248	284	312	345	371	391	431	457	493	524	555	581	615	632	671	701	
3	64	99	146	172	193	233	249	285	313	346	372	392	432	458	494	525	556	582	616	633	672	702	
4	65	100	147	173	194	234	250	286	314	347	373	393	433	459	495	526	557	583	617	634	673	703	
5	66	101	148	174	195	235	251	287	315	348	374	394	434	460	496	527	558	584	618	635	674	704	
6	67	102	149	175	196	236	252	288	316	349	375	395	435	461	497	528	559	585	619	636	675	705	
7	68	103	150	176	197	237	253	289	317	350	376	396	436	462	498	529	560	586	620	637	676	706	
8	69	104	121	177	198	238	254	290	318	351	377	397	437	463	499	530	561	587	621	638	677	707	
9	70	105	122	178	199	239	255	291	319	352	378	398	438	464	500	531	562	588	622	639	678	708	
10	71	106	123	179	200	240	256	292	320	353	379	399	439	465	501	532	563	589	623	640	679	709	
11	72	107	124	180	201	211	257	293	321	354	380	400	440	466	502	533	564	590	624	641	680	710	
12	73	108	125	151	202	212	258	294	322	355	381	401	441	467	503	534	565	591	625	642	681	711	
13	74	109	126	152	203	213	259	295	323	356	382	402	442	468	504	535	566	592	626	643	682	712	
14	75	110	127	153	204	214	260	296	324	357	383	403	443	469	505	536	567	593	627	644	683	713	
15	76	111	128	154	205	215	261	297	325	358	384	404	444	470	506	537	568	594	628	645	684	714	
16	77	112	129	155	206	216	262	298	326	359	385	405	445	471	507	538	569	595	629	646	685	715	
17	78	113	130	156	207	217	263	299	327	360	386	406	446	472	508	539	570	596	630	647	686	716	
18	79	114	131	157	208	218	264	300	328	331	387	407	447	473	509	540	541	597	601	648	687	717	
19	80	115	132	158	209	219	265	271	329	332	388	408	448	474	510	511	542	598	602	649	688	718	
20	81	116	133	159	210	220	266	272	330	333	389	409	449	475	481	512	543	599	603	650	689	719	
21	82	117	134	160	181	221	267	273	301	334	390	410	450	476	482	513	544	600	604	651	690	720	
20	43	147	151	242	299	390	408	501	538	613	633	691	721	
21	44	148	152	243	300	361	409	502	539	614	634	692	722	
22	45	149	153	244	271	362	410	503	540	615	635	693	723	
23	46	150	154	245	272	363	411	504	511	616	636	694	724	
24	47	121	155	246	273	364	412	505	512	617	637	695	725	
25	48	122	156	247	274	365	413	506	513	618	638	696	726	
26	49	123	157	248	275	366	414	507	514	619	639	697	727	
27	50	124	158	249	276	367	415	508	515	620	640	698	728	
28	51	125	159	250	277	368	416	509	516	621	641	699	729	
29	52	126	160	251	278	369	417	510	517	622	642	700	730	
30	53	127	161	252	279	370	418	481	518	623	643	701	731	
1	54	128	162	253	280	371	419	482	519	624	644	702	732	
2	55	129	163	254	281	372	420	483	520	625	645	703	733	
3	56	130	164	255	282	373	391	484	521	626	646	704	734	
4	57	131	165	256	283	374	392	485	522	627	647	705	735	
5	58	132	166	257	284	375	393	486	523	628	648	706	736	
6	59	133	167	258	285	376	394	487	524	629	649	707	737	
7	60	134	168	259	286	377	395	488	525	630	650	708	738	
8	31	135	169	260	287	378	396	489	526	601	651	709	739	
9	32	136	170	261	288	379	397	490	527	602	652	710	740	
10	33	137	171	262	289	380	398	491	528	603	653	711	741	
11	34	138	172	263	290	381	399	492	529	604	654	712	742	
12	35	139	173	264	291	382	400	493	530	605	655	713	743	
13	36	140	174	265	292	383	401	494	531	606	656	714	744	
14	37	141	175	266	293	384	402	495	532	607	657	715	745	
15	38	142	176	267	294	385	403	496	533	608	658	716	746	
16	39	143	177	268	295	386	404	497	534	609	659	717	747	
17	40	144	178	269	296	387	405	498	535	610	660	718	748	
18	41	145	179	270	297	388	406	499	536	611	631	719	749	
19	42	146	180	241	298	389	407	500	537	612	632	720	750	
15	57	662	721	751	
16	58	663	722	752	
17	59	664	723	753	
18	60	665	724	754	
19	31	666	725	755	
20	32	667	726	756	
21	33	668	727	757	
22	34	669	728	758	
23	35	670	729	759	
24	36	671	730	760	
25	37	672	731	761	
26	38	673	732	762	
27	39	674	733	763	
28	40	675	734	764	
29	41	676	735	765	
30	42	677	736	766	
1	43	678	737	767	
2	44	679	738	768	
3	45	680	739	769	
4	46	681	740	770	
5	47	682	741	771	
6	48	683	742	772	
7	49	684	743	773	
8	50	685	744	774	
9	51	686	745	775	
10	52	687	746	776	
11	53	688	747	777	
12	54	689	748	778	
13	55	690	749	779	
14	56	661	750	780	
30	32	89	95	183	233	305	360	432	479	543	572	751	781	
1	33	90	96	184	234	306	331	433	480	544	573	752	782	
2	34	61	97	185	235	307	332	434	451	545	574	753	783	
3	35	62	98	186	236	308	333	435	452	546	575	754	784	
4	36	63	99	187	237	309	334	436	453	547	576	755	785	
5	37	64	100	188	238	310	335	437	454	548	577	756	786	
6	38	65	101	189	239	311	336	438	455	549	578	757	787	
7	39	66	102	190	240	312	337	439	456	550	579	758	788	
8	40	67	103	191	211	313	338	440	457	551	580	759	789	
9	41	68	104	192	212	314	339	441	458	552	581	760	790	
10	42	69	105	193	213	315	340	442	459	553	582	761	791	
11	43	70	106	194	214	316	341	443	460	554	583	762	792	
12	44	71	107	195	215	317	342	444	461	555	584	763	793	
13	45	72	108	196	216	318	343	445	462	556	585	764	794	
14	46	73	109	197	217	319	344	446	463	557	586	765	795	
15	47	74	110	198	218	320	345	447	464	558	587	766	796	
16	48	75	111	199	219	321	346	448	465	559	588	767	797	
17	49	76	112	200	220	322	347	449	466	560	589	768	798	
18	50	77	113	201	221	323	348	450	467	561	590	769	799	
19	51	78	114	202	222	324	349	421	468	562	591	770	800	
20	52	79	115	203	223	325	350	422	469	563	592	771	801	
21	53	80	116	204	224	326	351	423	470	564	593	772	802	
22	54	81	117	205	225	327	352	424	471	565	594	773	803	
23	55	82	118	206	226	328	353	425	472	566	595	774	804	
24	56	83	119	207	227	329	354	426	473	567	596	775	805	
25	57	84	120	208	228	330	355	427	474	568	597	776	806	
26	58	85	91	209	229	301	356	428	475	569	598	777	807	
27	59	86	92	210	230	302	357	429	476	570	599	778	808	
28	60	87	93	181	231	303	358	430	477	541	600	779	809	
29	31	88	94	182	232	304	359	431	478	542	571	780	810	
7	67	96	123	160	181	217	258	280	305	354	365	391	421	469	499	529	568	578	614	659	661	781	
8	68	97	124	161	182	218	259	281	306	355	366	392	422	470	500	530	569	579	615	660	662	782	
9	69	98	125	162	183	219	260	282	307	356	367	393	423	471	501	531	570	580	616	631	663	783	
10	70	99	126	163	184	220	261	283	308	357	368	394	424	472	502	532	541	581	617	632	664	784	
11	71	100	127	164	185	221	262	284	309	358	369	395	425	473	503	533	542	582	618	633	665	785	
12	72	101	128	165	186	222	263	285	310	359	370	396	426	474	504	534	543	583	619	634	666	786	
13	73	102	129	166	187	223	264	286	311	360	371	397	427	475	505	535	544	584	620	635	667	787	
14	74	103	130	167	188	224	265	287	312	331	372	398	428	476	506	536	545	585	621	636	668	788	
15	75	104	131	168	189	225	266	288	313	332	373	399	429	477	507	537	546	586	622	637	669	789	
16	76	105	132	169	190	226	267	289	314	333	374	400	430	478	508	538	547	587	623	638	670	790	
17	77	106	133	170	191	227	268	290	315	334	375	401	431	479	509	539	548	588	624	639	671	791	
18	78	107	134	171	192	228	269	291	316	335	376	402	432	480	510	540	549	589	625	640	672	792	
19	79	108	135	172	193	229	270	292	317	336	377	403	433	451	481	511	550	590	626	641	673	793	
20	80	109	136	173	194	230	241	293	318	337	378	404	434	452	482	512	551	591	627	642	674	794	
21	81	110	137	174	195	231	242	294	319	338	379	405	435	453	483	513	552	592	628	643	675	795	
22	82	111	138	175	196	232	243	295	320	339	380	406	436	454	484	514	553	593	629	644	676	796	
23	83	112	139	176	197	233	244	296	321	340	381	407	437	455	485	515	554	594	630	645	677	797	
24	84	113	140	177	198	234	245	297	322	341	382	408	438	456	486	516	555	595	601	646	678	798	
25	85	114	141	178	199	235	246	298	323	342	383	409	439	457	487	517	556	596	602	647	679	799	
26	86	115	142	179	200	236	247	299	324	343	384	410	440	458	488	518	557	597	603	648	680	800	
27	87	116	143	180	201	237	248	300	325	344	385	411	441	459	489	519	558	598	604	649	681	801	
28	88	117	144	151	202	238	249	271	326	345	386	412	442	460	490	520	559	599	605	650	682	802	
29	89	118	145	152	203	239	250	272	327	346	387	413	443	461	491	521	560	600	606	651	683	803	
30	90	119	146	153	204	240	251	273	328	347	388	414	444	462	492	522	561	571	607	652	684	804	
1	61	120	147	154	205	211	252	274	329	348	389	415	445	463	493	523	562	572	608	653	685	805	
2	62	91	148	155	206	212	253	275	330	349	390	416	446	464	494	524	563	573	609	654	686	806	
3	63	92	149	156	207	213	254	276	301	350	361	417	447	465	495	525	564	574	610	655	687	807	
4	64	93	150	157	208	214	255	277	302	351	362	418	448	466	496	526	565	575	611	656	688	808	
5	65	94	121	158	209	215	256	278	303	352	363	419	449	467	497	527	566	576	612	657	689	809	
6	66	95	122	159	210	216	257	279	304	353	364	420	450	468	498	528	567	577	613	658	690	810	
5	36	277	391	507	811	
6	37	278	392	508	812	
7	38	279	393	509	813	
8	39	280	394	510	814	
9	40	281	395	481	815	
10	41	282	396	482	816	
11	42	283	397	483	817	
12	43	284	398	484	818	
13	44	285	399	485	819	
14	45	286	400	486	820	
15	46	287	401	487	821	
16	47	288	402	488	822	
17	48	289	403	489	823	
18	49	290	404	490	824	
19	50	291	405	491	825	
20	51	292	406	492	826	
21	52	293	407	493	827	
22	53	294	408	494	828	
23	54	295	409	495	829	
24	55	296	410	496	830	
25	56	297	411	497	831	
26	57	298	412	498	832	
27	58	299	413	499	833	
28	59	300	414	500	834	
29	60	271	415	501	835	
30	31	272	416	502	836	
1	32	273	417	503	837	
2	33	274	418	504	838	
3	34	275	419	505	839	
4	35	276	420	506	840	
14	128	160	255	361	512	673	841	
15	129	161	256	362	513	674	842	
16	130	162	257	363	514	675	843	
17	131	163	258	364	515	676	844	
18	132	164	259	365	516	677	845	
19	133	165	260	366	517	678	846	
20	134	166	261	367	518	679	847	
21	135	167	262	368	519	680	848	
22	136	168	263	369	520	681	849	
23	137	169	264	370	521	682	850	
24	138	170	265	371	522	683	851	
25	139	171	266	372	523	684	852	
26	140	172	267	373	524	685	853	
27	141	173	268	374	525	686	854	
28	142	174	269	375	526	687	855	
29	143	175	270	376	527	688	856	
30	144	176	241	377	528	689	857	
1	145	177	242	378	529	690	858	
2	146	178	243	379	530	661	859	
3	147	179	244	380	531	662	860	
4	148	180	245	381	532	663	861	
5	149	151	246	382	533	664	862	
6	150	152	247	383	534	665	863	
7	121	153	248	384	535	666	864	
8	122	154	249	385	536	667	865	
9	123	155	250	386	537	668	866	
10	124	156	251	387	538	669	867	
11	125	157	252	388	539	670	868	
12	126	158	253	389	540	671	869	
13	127	159	254	390	511	672	870	
1	39	65	235	294	416	567	871	
2	40	66	236	295	417	568	872	
3	41	67	237	296	418	569	873	
4	42	68	238	297	419	570	874	
5	43	69	239	298	420	541	875	
6	44	70	240	299	391	542	876	
7	45	71	211	300	392	543	877	
8	46	72	212	271	393	544	878	
9	47	73	213	272	394	545	879	
10	48	74	214	273	395	546	880	
11	49	75	215	274	396	547	881	
12	50	76	216	275	397	548	882	
13	51	77	217	276	398	549	883	
14	52	78	218	277	399	550	884	
15	53	79	219	278	400	551	885	
16	54	80	220	279	401	552	886	
17	55	81	221	280	402	553	887	
18	56	82	222	281	403	554	888	
19	57	83	223	282	404	555	889	
20	58	84	224	283	405	556	890	
21	59	85	225	284	406	557	891	
22	60	86	226	285	407	558	892	
23	31	87	227	286	408	559	893	
24	32	88	228	287	409	560	894	
25	33	89	229	288	410	561	895	
26	34	90	230	289	411	562	896	
27	35	61	231	290	412	563	897	
28	36	62	232	291	413	564	898	
29	37	63	233	292	414	565	899	
30	38	64	234	293	415	566	900	
3	49	114	244	379	451	517	901	
4	50	115	245	380	452	518	902	
5	51	116	246	381	453	519	903	
6	52	117	247	382	454	520	904	
7	53	118	248	383	455	521	905	
8	54	119	249	384	456	522	906	
9	55	120	250	385	457	523	907	
10	56	91	251	386	458	524	908	
11	57	92	252	387	459	525	909	
12	58	93	253	388	460	526	910	
13	59	94	254	389	461	527	911	
14	60	95	255	390	462	528	912	
15	31	96	256	361	463	529	913	
16	32	97	257	362	464	530	914	
17	33	98	258	363	465	531	915	
18	34	99	259	364	466	532	916	
19	35	100	260	365	467	533	917	
20	36	101	261	366	468	534	918	
21	37	102	262	367	469	535	919	
22	38	103	263	368	470	536	920	
23	39	104	264	369	471	537	921	
24	40	105	265	370	472	538	922	
25	41	106	266	371	473	539	923	
26	42	107	267	372	474	540	924	
27	43	108	268	373	475	511	925	
28	44	109	269	374	476	512	926	
29	45	110	270	375	477	513	927	
30	46	111	241	376	478	514	928	
1	47	112	242	377	479	515	929	
2	48	113	243	378	480	516	930	
49	86	175	216	412	578	931	
50	87	176	217	413	579	932	
51	88	177	218	414	580	933	
52	89	178	219	415	581	934	
53	90	179	220	416	582	935	
54	61	180	221	417	583	936	
55	62	151	222	418	584	937	
56	63	152	223	419	585	938	
57	64	153	224	420	586	939	
58	65	154	225	391	587	940	
59	66	155	226	392	588	941	
60	67	156	227	393	589	942	
31	68	157	228	394	590	943	
32	69	158	229	395	591	944	
33	70	159	230	396	592	945	
34	71	160	231	397	593	946	
35	72	161	232	398	594	947	
36	73	162	233	399	595	948	
37	74	163	234	400	596	949	
38	75	164	235	401	597	950	
39	76	165	236	402	598	951	
40	77	166	237	403	599	952	
41	78	167	238	404	600	953	
42	79	168	239	405	571	954	
43	80	169	240	406	572	955	
44	81	170	211	407	573	956	
45	82	171	212	408	574	957	
46	83	172	213	409	575	958	
47	84	173	214	410	576	959	
48	85	174	215	411	577	960	
16	46	182	373	463	686	961	
17	47	183	374	464	687	962	
18	48	184	375	465	688	963	
19	49	185	376	466	689	964	
20	50	186	377	467	690	965	
21	51	187	378	468	661	966	
22	52	188	379	469	662	967	
23	53	189	380	470	663	968	
24	54	190	381	471	664	969	
25	55	191	382	472	665	970	
26	56	192	383	473	666	971	
27	57	193	384	474	667	972	
28	58	194	385	475	668	973	
29	59	195	386	476	669	974	
30	60	196	387	477	670	975	
1	31	197	388	478	671	976	
2	32	198	389	479	672	977	
3	33	199	390	480	673	978	
4	34	200	361	451	674	979	
5	35	201	362	452	675	980	
6	36	202	363	453	676	981	
7	37	203	364	454	677	982	
8	38	204	365	455	678	983	
9	39	205	366	456	679	984	
10	40	206	367	457	680	985	
11	41	207	368	458	681	986	
12	42	208	369	459	682	987	
13	43	209	370	460	683	988	
14	44	210	371	461	684	989	
15	45	181	372	462	685	990	
7	61	95	265	418	601	
8	62	96	266	419	602	
9	63	97	267	420	603	
10	64	98	268	391	604	
11	65	99	269	392	605	
12	66	100	270	393	606	
13	67	101	241	394	607	
14	68	102	242	395	608	
15	69	103	243	396	609	
16	70	104	244	397	610	
17	71	105	245	398	611	
18	72	106	246	399	612	
19	73	107	247	400	613	
20	74	108	248	401	614	
21	75	109	249	402	615	
22	76	110	250	403	616	
23	77	111	251	404	617	
24	78	112	252	405	618	
25	79	113	253	406	619	
26	80	114	254	407	620	
27	81	115	255	408	621	
28	82	116	256	409	622	
29	83	117	257	410	623	
30	84	118	258	411	624	
1	85	119	259	412	625	
2	86	120	260	413	626	
3	87	91	261	414	627	
4	88	92	262	415	628	
5	89	93	263	416	629	
6	90	94	264	417	630	
10	46	316	381	533	766	
11	47	317	382	534	767	
12	48	318	383	535	768	
13	49	319	384	536	769	
14	50	320	385	537	770	
15	51	321	386	538	771	
16	52	322	387	539	772	
17	53	323	388	540	773	
18	54	324	389	511	774	
19	55	325	390	512	775	
20	56	326	361	513	776	
21	57	327	362	514	777	
22	58	328	363	515	778	
23	59	329	364	516	779	
24	60	330	365	517	780	
25	31	301	366	518	751	
26	32	302	367	519	752	
27	33	303	368	520	753	
28	34	304	369	521	754	
29	35	305	370	522	755	
30	36	306	371	523	756	
1	37	307	372	524	757	
2	38	308	373	525	758	
3	39	309	374	526	759	
4	40	310	375	527	760	
5	41	311	376	528	761	
6	42	312	377	529	762	
7	43	313	378	530	763	
8	44	314	379	531	764	
9	45	315	380	532	765	
43	148	419	452	574	664	
44	149	420	453	575	665	
45	150	391	454	576	666	
46	121	392	455	577	667	
47	122	393	456	578	668	
48	123	394	457	579	669	
49	124	395	458	580	670	
50	125	396	459	581	671	
51	126	397	460	582	672	
52	127	398	461	583	673	
53	128	399	462	584	674	
54	129	400	463	585	675	
55	130	401	464	586	676	
56	131	402	465	587	677	
57	132	403	466	588	678	
58	133	404	467	589	679	
59	134	405	468	590	680	
60	135	406	469	591	681	
31	136	407	470	592	682	
32	137	408	471	593	683	
33	138	409	472	594	684	
34	139	410	473	595	685	
35	140	411	474	596	686	
36	141	412	475	597	687	
37	142	413	476	598	688	
38	143	414	477	599	689	
39	144	415	478	600	690	
40	145	416	479	571	661	
41	146	417	480	572	662	
42	147	418	451	573	663	
3	201	230	523	779	
4	202	231	524	780	
5	203	232	525	751	
6	204	233	526	752	
7	205	234	527	753	
8	206	235	528	754	
9	207	236	529	755	
10	208	237	530	756	
11	209	238	531	757	
12	210	239	532	758	
13	181	240	533	759	
14	182	211	534	760	
15	183	212	535	761	
16	184	213	536	762	
17	185	214	537	763	
18	186	215	538	764	
19	187	216	539	765	
20	188	217	540	766	
21	189	218	511	767	
22	190	219	512	768	
23	191	220	513	769	
24	192	221	514	770	
25	193	222	515	771	
26	194	223	516	772	
27	195	224	517	773	
28	196	225	518	774	
29	197	226	519	775	
30	198	227	520	776	
1	199	228	521	777	
2	200	229	522	778	
13	32	374	393	619	797	
14	33	375	394	620	798	
15	34	376	395	621	799	
16	35	377	396	622	800	
17	36	378	397	623	801	
18	37	379	398	624	802	
19	38	380	399	625	803	
20	39	381	400	626	804	
21	40	382	401	627	805	
22	41	383	402	628	806	
23	42	384	403	629	807	
24	43	385	404	630	808	
25	44	386	405	601	809	
26	45	387	406	602	810	
27	46	388	407	603	781	
28	47	389	408	604	782	
29	48	390	409	605	783	
30	49	361	410	606	784	
1	50	362	411	607	785	
2	51	363	412	608	786	
3	52	364	413	609	787	
4	53	365	414	610	788	
5	54	366	415	611	789	
6	55	367	416	612	790	
7	56	368	417	613	791	
8	57	369	418	614	792	
9	58	370	419	615	793	
10	59	371	420	616	794	
11	60	372	391	617	795	
12	31	373	392	618	796	
10	64	159	464	569	
11	65	160	465	570	
12	66	161	466	541	
13	67	162	467	542	
14	68	163	468	543	
15	69	164	469	544	
16	70	165	470	545	
17	71	166	471	546	
18	72	167	472	547	
19	73	168	473	548	
20	74	169	474	549	
21	75	170	475	550	
22	76	171	476	551	
23	77	172	477	552	
24	78	173	478	553	
25	79	174	479	554	
26	80	175	480	555	
27	81	176	451	556	
28	82	177	452	557	
29	83	178	453	558	
30	84	179	454	559	
1	85	180	455	560	
2	86	151	456	561	
3	87	152	457	562	
4	88	153	458	563	
5	89	154	459	564	
6	90	155	460	565	
7	61	156	461	566	
8	62	157	462	567	
9	63	158	463	568	
31	107	327	666	
32	108	328	667	
33	109	329	668	
34	110	330	669	
35	111	301	670	
36	112	302	671	
37	113	303	672	
38	114	304	673	
39	115	305	674	
40	116	306	675	
41	117	307	676	
42	118	308	677	
43	119	309	678	
44	120	310	679	
45	91	311	680	
46	92	312	681	
47	93	313	682	
48	94	314	683	
49	95	315	684	
50	96	316	685	
51	97	317	686	
52	98	318	687	
53	99	319	688	
54	100	320	689	
55	101	321	690	
56	102	322	661	
57	103	323	662	
58	104	324	663	
59	105	325	664	
60	106	326	665	
32	90	206	363	632	
33	61	207	364	633	
34	62	208	365	634	
35	63	209	366	635	
36	64	210	367	636	
37	65	181	368	637	
38	66	182	369	638	
39	67	183	370	639	
40	68	184	371	640	
41	69	185	372	641	
42	70	186	373	642	
43	71	187	374	643	
44	72	188	375	644	
45	73	189	376	645	
46	74	190	377	646	
47	75	191	378	647	
48	76	192	379	648	
49	77	193	380	649	
50	78	194	381	650	
51	79	195	382	651	
52	80	196	383	652	
53	81	197	384	653	
54	82	198	385	654	
55	83	199	386	655	
56	84	200	387	656	
57	85	201	388	657	
58	86	202	389	658	
59	87	203	390	659	
60	88	204	361	660	
31	89	205	362	631	
25	101	327	510	661	
26	102	328	481	662	
27	103	329	482	663	
28	104	330	483	664	
29	105	301	484	665	
30	106	302	485	666	
1	107	303	486	667	
2	108	304	487	668	
3	109	305	488	669	
4	110	306	489	670	
5	111	307	490	671	
6	112	308	491	672	
7	113	309	492	673	
8	114	310	493	674	
9	115	311	494	675	
10	116	312	495	676	
11	117	313	496	677	
12	118	314	497	678	
13	119	315	498	679	
14	120	316	499	680	
15	91	317	500	681	
16	92	318	501	682	
17	93	319	502	683	
18	94	320	503	684	
19	95	321	504	685	
20	96	322	505	686	
21	97	323	506	687	
22	98	324	507	688	
23	99	325	508	689	
24	100	326	509	690	
5	228	392	802	
6	229	393	803	
7	230	394	804	
8	231	395	805	
9	232	396	806	
10	233	397	807	
11	234	398	808	
12	235	399	809	
13	236	400	810	
14	237	401	781	
15	238	402	782	
16	239	403	783	
17	240	404	784	
18	211	405	785	
19	212	406	786	
20	213	407	787	
21	214	408	788	
22	215	409	789	
23	216	410	790	
24	217	411	791	
25	218	412	792	
26	219	413	793	
27	220	414	794	
28	221	415	795	
29	222	416	796	
30	223	417	797	
1	224	418	798	
2	225	419	799	
3	226	420	800	
4	227	391	801	
50	125	546	756	
51	126	547	757	
52	127	548	758	
53	128	549	759	
54	129	550	760	
55	130	551	761	
56	131	552	762	
57	132	553	763	
58	133	554	764	
59	134	555	765	
60	135	556	766	
31	136	557	767	
32	137	558	768	
33	138	559	769	
34	139	560	770	
35	140	561	771	
36	141	562	772	
37	142	563	773	
38	143	564	774	
39	144	565	775	
40	145	566	776	
41	146	567	777	
42	147	568	778	
43	148	569	779	
44	149	570	780	
45	150	541	751	
46	121	542	752	
47	122	543	753	
48	123	544	754	
49	124	545	755	

